from_node,to_node,edge_id,edge_tt,edge_var
0,1,--153692837#1,11.2,8.0
2,3,-101238042,4.0,0.0
4,5,-101731827#0,3.4000000000000004,0.6666666666666666
6,7,-101731827#1,4.6,1.0
8,9,-101731827#2,4.0,0.33333333333333326
10,11,-101731858,11.0,0.7999999999999999
12,13,-102461801,34.8,21.0
14,15,-102818928#0,6.0,26.025575447570336
16,17,-102818928#1,13.0,1215.6040068201196
18,19,-103053747,10.0,0.0
20,21,-103053774#0,4.0,1.122222222222222
22,23,-103053774#1,3.2,1.3
24,25,-103053774#2,2.4000000000000004,0.8
28,29,-103053774#4,3.6,0.33333333333333337
32,33,-103053774#6,1.0,0.0
38,39,-103396186,5.0,0.0
42,43,-103512667#0,10.0,2.8404040404040414
44,45,-103512667#2,5.0,0.9487315010570821
46,47,-103512672,35.4,4.5
50,51,-103671254,7.800000000000001,2.2857142857142856
52,53,-103671264,3.2,0.20000000000000004
54,55,-103671267#0,25.0,0.0
56,57,-103671267#1,5.0,0.0
58,59,-103671267#10,2.0,0.0
62,63,-103671267#12,2.8,0.5
64,65,-103671267#13,2.2,1.3333333333333335
68,69,-103671267#2,4.0,0.0
74,75,-103671267#5,3.0,0.0
76,77,-103671267#6,3.0,0.0
78,79,-103671267#7,4.0,0.0
80,81,-103671267#9,3.0,0.0
82,83,-103671270,5.0,0.29999999999999993
86,87,-103678458#0,1.8,0.5
88,89,-103678458#1,3.8,0.5
90,91,-103686129#1,82.4,32.0
92,93,-103687101,7.0,6.8
94,95,-103718186,57.400000000000006,600.4564007421151
96,97,-104010328,2.4000000000000004,0.19444444444444445
98,99,-1040258009,9.0,1.0985763741698458
100,101,-104236368#0,10.8,0.5
102,103,-104236369,1.0,0.06249999999999999
104,105,-1042557946,2.0,0.13042892432068265
106,107,-1042557947,1.0,0.1318437008758142
108,109,-10425610#1,41.0,8310.757313051803
110,111,-10425611#0,15.0,30.864903650500143
112,113,-10425611#1,7.0,0.7151439562949047
114,115,-10427692#1,47.8,324.7789361133388
116,117,-10427692#2,2.0,0.3036735922914785
118,119,-10427692#3,4.0,0.3518518518518519
120,121,-10427692#4,5.0,0.3797468354430385
122,123,-10427692#5,6.0,1.1568037974683545
124,125,-10427692#6,3.0,0.24667721518987343
126,127,-10427692#7,7.0,0.6778481012658227
130,131,-105141980#0,44.0,0.0
132,133,-105141980#1,2.8,0.5
134,135,-105143683#0,27.0,0.0
138,139,-105467137,12.4,4.916666666666667
140,141,-105482066,7.0,0.0
142,143,-105540411,9.2,2.6999999999999997
144,145,-10597452#0,13.0,0.0
146,147,-10597452#1,13.0,5.333333333333332
148,149,-10597454#1,36.6,285.1025641025641
150,151,-10597454#2,5.0,1.297101449275363
152,153,-10597455#0,1.0,0.28571428571428575
154,155,-10597455#1,7.6000000000000005,0.41071428571428564
156,157,-106083637,4.0,0.0
160,161,-107431496#0,7.0,2.3247197640118005
162,163,-107431496#1,17.0,1.7252443688907786
166,167,-108237964#0,2.0,0.0
170,171,-108237964#2,3.0,0.0
174,175,-108239224#1,7.0,0.0
176,177,-108239938,11.0,1.6753846153846157
178,179,-108240279#0,7.8,0.5
180,181,-108240279#1,17.0,7.0
182,183,-108240279#2,17.0,33.289670404349295
186,187,-1082935356#1,16.0,0.0
188,189,-1082935357#1,39.2,40.5
190,191,-108310250,1.0,0.17813765182186236
192,193,-108310251,2.0,0.22916666666666663
194,195,-108310252,7.0,0.6544117647058825
196,197,-108310253,5.0,0.8384615384615384
200,201,-10941814,9.0,1.0920202020202017
202,203,-10941825,11.0,1.6900584795321634
206,207,-11014139#1,20.0,52.33000133280019
208,209,-110212545,32.6,16.000000000000004
212,213,-111120103,4.0,0.0
224,225,-112979077,6.0,0.45714285714285746
226,227,-112979081,23.200000000000003,6.249999999999997
228,229,-112979094#0,8.0,0.9044117647058821
230,231,-112979094#1,3.0,0.661904761904762
232,233,-112979110,8.0,0.9956989247311829
234,235,-113796178#0,2.6,0.33333333333333337
236,237,-113796178#1,2.0,0.0
238,239,-113796181#1,4.0,11.526315789473683
240,241,-113796181#2,3.6000000000000005,2.5535714285714293
242,243,-113796181#3,4.000000000000001,7.7
244,245,-113796181#4,7.200000000000001,2.25
246,247,-113796181#5,9.0,0.0
248,249,-113796182,7.4,1.583333333333333
250,251,-113796184,6.0,0.0
254,255,-113796195,3.2,1.3333333333333335
256,257,-113796197,6.2,1.7000000000000002
258,259,-113796198,8.8,4.333333333333333
260,261,-114198606#1,38.0,184.96666666666673
264,265,-115082348,31.400000000000006,232.38138256087984
266,267,-115082374#0,13.0,20.52777777777778
268,269,-115881035#0,18.0,0.0
270,271,-115881035#1,12.4,2.9166666666666665
280,281,-115881035#6,14.2,8.0
282,283,-115881035#7,16.0,0.0
286,287,-115881041#0,14.0,2.166666666666666
288,289,-115881041#1,3.4000000000000004,0.9166666666666666
290,291,-115881041#2,15.0,0.0
292,293,-115881041#3,4.8,0.5
294,295,-115881041#4,11.0,0.0
296,297,-115881043#0,13.0,0.25
298,299,-115881043#10,3.4000000000000004,0.6666666666666666
300,301,-115881043#11,16.0,0.33333333333333304
302,303,-115881043#2,4.6,2.333333333333333
304,305,-115881043#4,5.0,0.0
306,307,-115881043#5,8.0,3.0
308,309,-115881043#7,2.0,0.0
310,311,-115881043#8,3.0,0.3333333333333333
312,313,-115881043#9,6.8,0.5
318,319,-115881048#0,5.0,0.6666666666666667
322,323,-115881049#0,17.8,1.6190476190476204
324,325,-115881049#1,2.0,0.6666666666666666
326,327,-115881049#2,20.200000000000003,5.583333333333331
328,329,-115881050,22.0,0.0
332,333,-116765451#1,13.0,2.49115356255682
334,335,-116765451#2,2.0,0.2391061050434533
336,337,-116765457#1,6.0,1.5721117392750232
340,341,-117560677,12.2,6.333333333333334
344,345,-118004624#1,50.6,48.41071428571427
346,347,-118004640#1,8.4,3.3333333333333335
348,349,-118004640#1.47,3.4000000000000004,0.25000000000000006
350,351,-118004640#2,2.6,1.0
352,353,-118004640#4,2.6,0.33333333333333337
354,355,-118004640#5,4.0,0.29999999999999993
360,361,-118604348#0,5.0,0.6038306451612903
362,363,-118604348#1,2.0,0.13793103448275862
366,367,-118604351#0,2.0,0.3333333333333333
368,369,-118604351#1,8.0,1.2380952380952381
370,371,-118604351#2,13.0,1.9047619047619044
372,373,-118604351#3,2.0,0.19444444444444442
374,375,-118604351#4,20.4,3.500000000000001
380,381,-118604354,2.0,0.0
382,383,-118604355,2.0,0.0
384,385,-118604356,4.0,0.0
386,387,-118604357,5.6,2.0
394,395,-118604365,6.2,3.8
396,397,-118604366,4.0,0.0
398,399,-118604367,5.0,0.33333333333333326
400,401,-118607467,15.0,0.0
402,403,-118607469#0,15.0,2.3275862068965516
404,405,-118607469#1,24.0,6.248677248677251
406,407,-118607469#2,35.2,12.043333333333331
408,409,-118607469#3,18.0,3.960000000000001
410,411,-118607469#4,9.0,0.0
414,415,-118607473,5.0,0.0
416,417,-118607475#1,62.6,12.0
418,419,-118607475#2,27.0,3.4666666666666677
420,421,-118607478,6.0,0.33333333333333326
428,429,-118607485,17.0,0.0
430,431,-118607487#0,1.0,0.20166512488436636
432,433,-118607487#1,11.0,1.1564102564102563
434,435,-118607487#10,2.0,0.22857142857142856
436,437,-118607487#11,2.0,0.2563492063492064
438,439,-118607487#12,2.0,0.19285714285714278
440,441,-118607487#13,2.0,0.4000000000000001
442,443,-118607487#14,2.0,0.31092436974789905
444,445,-118607487#15,1.0,0.06048387096774194
446,447,-118607487#2,2.0,0.30094466936572195
448,449,-118607487#3,1.0,0.09909909909909907
450,451,-118607487#4,1.0,0.0990990990990991
452,453,-118607487#5,2.0,0.25675675675675674
454,455,-118607487#6,2.0,0.23897581792318642
456,457,-118607487#7,2.0,0.21123755334281644
458,459,-118607487#8,2.0,0.2994310099573259
460,461,-118607487#9,2.0,0.1891891891891892
462,463,-118607492,24.0,2.566666666666665
464,465,-118607497#0,3.0,0.17777777777777778
466,467,-118607504#4,97.80000000000001,94.91666666666667
468,469,-118607504#5,26.2,4.0
470,471,-118607504#6,27.200000000000003,3.583333333333334
472,473,-118607504#7,2.0,0.0
476,477,-118619445#0,1.0,0.0
478,479,-118619445#1,6.2,2.333333333333334
480,481,-118619463,68.2,49.0
482,483,-118619465#0,2.0,0.5666666666666667
484,485,-118619465#1,6.6,1.0
486,487,-118619467,9.2,1.333333333333333
490,491,-118623868#1,118.0,64.66666666666667
494,495,-11940927#0,6.0,1.2906403940886695
496,497,-11940927#1,3.0,0.2077922077922077
498,499,-11940927#2,7.0,0.5129870129870128
500,501,-11940927#3,2.0,0.8571428571428571
502,503,-11940927#4,8.0,0.5380116959064327
506,507,-119621356#0,240.0,619.5015873015875
508,509,-119621360#0,4.0,2.2252747252747254
516,517,-120033065,13.0,3.7499999999999996
520,521,-120033068#0,24.8,6.95238095238095
522,523,-120033068#1,6.0,1.6952380952380959
524,525,-120033074#0,28.0,0.0
528,529,-120033077,22.2,8.0
530,531,-120033091#0,30.6,24.5
532,533,-120033091#1,70.4,162.0
536,537,-120033098#0,3.6,0.33333333333333326
538,539,-120033098#3,8.0,1.3333333333333335
540,541,-120033098#4,24.8,0.5
542,543,-120033098#5,16.8,6.333333333333334
544,545,-120033098#6,1.0,0.16249999999999995
546,547,-120033098#7,3.0,0.3006535947712417
548,549,-120033100#0,31.0,3.0
550,551,-120033100#1,2.0,0.25
552,553,-120033103,22.0,2.285714285714286
554,555,-120033104#0,7.200000000000001,1.7142857142857137
556,557,-120033104#1,1.8,0.5
560,561,-120365432,14.0,0.0
566,567,-120416766#0,8.0,1.2857142857142858
568,569,-120416766#1,19.0,4.607211538461544
570,571,-120416786,23.0,6.623443223443223
572,573,-120416814#0,24.0,11.0
576,577,-121110648#0,14.4,4.694444444444445
578,579,-121110648#1,11.8,4.333333333333332
580,581,-121460647,2.8,0.5
586,587,-121549474,4.0,0.0
592,593,-125002584,9.0,0.8938417472252058
594,595,-125002604#0,3.0,10.378896103896103
596,597,-125002604#1,4.0,0.3792207792207793
628,629,-126446062#0,25.0,230.00887902330754
630,631,-126446062#1,3.0,0.510024096385542
632,633,-126446062#2,2.0,0.5316017316017319
634,635,-126446076,45.0,14.490909090909096
636,637,-126446078,77.2,201.66666666666666
638,639,-126446083,150.6,146.21022727272782
640,641,-126446095,27.0,8.0625
642,643,-126446099,24.0,12.300000000000002
644,645,-126446100,26.0,3.766666666666667
648,649,-126446106,39.0,20.45591397849463
650,651,-126446109,25.4,4.5
654,655,-126446115,19.0,0.0
656,657,-126446127#0,25.8,11.29004329004329
658,659,-126446127#1,25.0,4.427536231884057
660,661,-126446127#2,7.0,22.050641025641028
664,665,-126446130#1,14.0,5.066666666666668
666,667,-126909938,8.0,0.804487911084579
674,675,-126909971#0,6.0,0.0
680,681,-126954023,17.0,1.333333333333334
682,683,-126954029#0,15.0,5.861111111111111
684,685,-126954029#1,9.4,4.5
686,687,-126954030,49.2,44.380952380952394
688,689,-126954032,17.8,6.115384615384617
690,691,-126987998,101.0,0.0
710,711,-127076886,4.6,1.0
712,713,-127076894#2,1.0,0.307945566286216
716,717,-127076896,45.0,0.0
722,723,-127076902#0,182.20000000000002,198.44444444444446
724,725,-127076904,47.0,0.0
726,727,-127076905#0,61.0,53.25809435707677
728,729,-127076905#1,21.0,6.2535833731485955
730,731,-127076905#2,1.8000000000000114,0.1646557271557271
732,733,-127076907,145.0,0.0
734,735,-127076908#1,27.0,0.0
736,737,-127076909,34.6,11.423076923076922
738,739,-128070665#1,11.0,8.045975182946227
740,741,-128070666#0,7.0,2.049451028232834
742,743,-128070667#1,37.80000000000001,1801.3304194463612
744,745,-128070698#0,3.8000000000000007,0.47619047619047605
748,749,-128361102#0,18.0,4.752273784847077
750,751,-128361102#1,7.0,0.7347690988963907
766,767,-128361114#7,2.8,0.5
776,777,-128361115#4,1.0,0.0
778,779,-128361115#5,1.0,0.0
790,791,-128361135,4.0,0.0
792,793,-128361137#0,9.0,0.3333333333333335
794,795,-128361137#1,8.0,0.0
796,797,-128361139#0,8.0,0.0
798,799,-128361139#1,8.0,0.0
816,817,-128361146#0,11.0,0.0
822,823,-128361148#1,7.0,0.0
824,825,-128361149#0,9.0,0.0
826,827,-128361149#1,10.4,1.6666666666666667
834,835,-128361152#1,8.8,0.5
836,837,-128361153#0,7.0,0.0
838,839,-128361153#1,8.0,0.0
840,841,-128361155#0,8.0,0.0
842,843,-128361155#1,9.4,4.5
848,849,-128361158#0,7.4,5.333333333333333
852,853,-128361161#0,8.8,0.5
862,863,-128361163#1,8.0,0.0
864,865,-128361165#0,7.0,0.0
866,867,-128361165#1,8.6,1.0
868,869,-128668758#0,3.0,0.1774193548387097
870,871,-128668758#0.24,10.0,0.6451612903225808
872,873,-128668758#1,6.0,0.32473118279569896
874,875,-128668758#1.44,5.0,0.19784946236559145
876,877,-128668758#3,11.0,0.5225806451612901
880,881,-128906555,5.0,56.36026648900737
882,883,-129130803#0,11.0,0.0
886,887,-129130803#2,6.0,0.0
888,889,-129130803#3,3.0,0.0
890,891,-129130803#4,9.0,0.0
894,895,-129130803#6,8.0,0.0
896,897,-129130803#7,2.0,0.0
898,899,-129130805#0,31.0,0.0
900,901,-129130805#1,17.6,2.333333333333332
908,909,-129130810#3,5.0,0.3616161616161616
910,911,-129130810#4,1.0,0.36263736263736274
912,913,-129130810#5,6.0,0.5246554067171425
914,915,-129130810#6,10.800000000000011,2.344107940205786
916,917,-129130810#60,4.0,0.4142884876722965
918,919,-129130810#7,6.0,0.5178749465888046
920,921,-129323704#0,39.8,0.5
922,923,-129323704#1,5.0,0.0
924,925,-129323704#2,6.0,0.24999999999999992
926,927,-129323704#3,35.0,10.566666666666666
928,929,-129323704#4,4.0,0.2666666666666666
936,937,-129323706#3,5.0,0.0
938,939,-129323706#4,1.8000000000000007,1.0000000000000002
940,941,-129323706#5,3.8000000000000007,1.6190476190476193
942,943,-129323706#6,3.0,0.20000000000000004
944,945,-129323706#7,1.0,0.0
946,947,-129323707#0,7.0,0.0
948,949,-129323707#1,1.0,0.0
950,951,-129323707#2,2.0,0.0
952,953,-129323707#3,3.0,0.0
954,955,-129323707#4,3.0,0.0
958,959,-129323710,16.8,0.5
960,961,-129323711,15.8,4.333333333333332
964,965,-129323715,13.6,2.0
966,967,-129323718,19.0,3.0
968,969,-129323719,6.0,2.0
978,979,-129323724,19.0,0.0
980,981,-129323726,9.8,3.0
984,985,-129323730,18.200000000000003,7.553571428571426
986,987,-129323739#0,22.4,3.6999999999999993
988,989,-129323739#1,5.0,0.472972972972973
990,991,-129323739#2,13.0,1.361471861471862
992,993,-129323741#0,4.0,0.0
994,995,-129323741#1,3.0,0.0
998,999,-129323741#3,4.0,0.6142857142857141
1000,1001,-129323741#4,7.0,0.0
1002,1003,-129323742#0,22.0,0.0
1004,1005,-129323742#1,4.6,0.33333333333333326
1008,1009,-129323743#0,4.0,1.5
1010,1011,-129323743#1,4.0,0.25000000000000006
1012,1013,-129323743#2,3.8,0.5
1014,1015,-129323743#3,3.0,0.25
1018,1019,-129323743#5,3.0,0.0
1026,1027,-129323745#0,2.0,0.0
1028,1029,-129323745#1,3.0,0.0
1030,1031,-129323745#2,3.0,0.0
1032,1033,-129323745#3,3.2,0.44444444444444436
1034,1035,-129323745#4,3.0,0.8571428571428571
1036,1037,-129323746#0,4.0,0.30000000000000004
1038,1039,-129323746#1,3.0,1.0727272727272728
1040,1041,-129323746#2,4.0,0.2666666666666667
1042,1043,-129323746#3,3.0,0.32142857142857145
1044,1045,-129323746#4,4.0,0.3709677419354838
1046,1047,-129323746#5,5.0,1.1642857142857146
1048,1049,-129379920#1,2.0,0.17303201868022908
1050,1051,-129379920#1.28,2.0,0.3017624668138058
1052,1053,-129379922,3.0,0.4782148874159152
1054,1055,-129379925,5.0,60.81558157347628
1056,1057,-129379925.33,39.0,294.17778071946276
1058,1059,-129379930#0,4.0,1.6725146198830414
1060,1061,-129379930#10,23.6,2.0
1062,1063,-129379930#11,1.0,0.125
1064,1065,-129379930#2,5.800000000000001,4.277777777777778
1066,1067,-129379930#4,3.0,1.0
1068,1069,-129379930#5,27.200000000000003,10.91666666666667
1070,1071,-129379930#6,4.2,0.7
1072,1073,-129379930#8,3.0,0.0
1076,1077,-129379931,16.6,0.33333333333333304
1078,1079,-129379932,18.8,6.666666666666667
1080,1081,-129379933,19.0,0.7000000000000006
1082,1083,-129379938,19.2,4.0
1084,1085,-129379939,25.6,72.0
1086,1087,-129379940,17.0,3.333333333333334
1088,1089,-129379941,13.6,2.0
1092,1093,-129379943,19.8,18.0
1094,1095,-129379944,18.8,0.5
1096,1097,-129379945,17.0,0.0
1098,1099,-129379947,20.8,3.6190476190476204
1100,1101,-129379950#0,5.0,0.0
1102,1103,-129379951#0,4.0,0.0
1104,1105,-129379952#1,5.0,9.550099009900984
1106,1107,-129379952#10,2.0,0.0
1108,1109,-129379952#11,3.0,0.0
1110,1111,-129379952#12,3.0,0.0
1112,1113,-129379952#13,4.8,0.5
1114,1115,-129379952#14,2.2,1.3333333333333335
1116,1117,-129379952#15,1.6,0.33333333333333337
1118,1119,-129379952#16,3.0,0.30000000000000004
1120,1121,-129379952#17,3.0,0.20000000000000004
1124,1125,-129379952#19,2.2,0.20000000000000004
1126,1127,-129379952#2,4.0,0.37828739743320006
1128,1129,-129379952#20,18.8,4.333333333333331
1130,1131,-129379952#21,3.6,0.33333333333333326
1132,1133,-129379952#22,3.0,1.2777777777777777
1134,1135,-129379952#23,4.0,0.26666666666666644
1136,1137,-129379952#24,4.0,0.20454545454545459
1138,1139,-129379952#25,3.0,0.11666666666666667
1140,1141,-129379952#26,4.0,0.2
1142,1143,-129379952#27,4.0,0.91991341991342
1144,1145,-129379952#28,3.8000000000000007,2.2619047619047623
1146,1147,-129379952#29,4.0,0.3517786561264823
1148,1149,-129379952#3,4.0,0.34269662921348354
1150,1151,-129379952#30,3.0,0.9933333333333336
1152,1153,-129379952#4,4.0,0.5127681307456587
1154,1155,-129379952#5,4.0,0.4574229691876751
1156,1157,-129379952#6,3.0,0.3896103896103899
1158,1159,-129379952#7,4.0,0.4426315789473684
1160,1161,-129379952#8,2.0,0.6617647058823529
1162,1163,-129379952#9,7.2,6.299999999999999
1164,1165,-129379953#0,1.0,0.11029411764705883
1166,1167,-129379953#1,9.600000000000001,2.91025641025641
1170,1171,-129379958#0,5.0,0.0
1172,1173,-129379958#1,2.0,0.0
1174,1175,-129379958#2,1.0,0.0
1176,1177,-129379958#3,3.0,0.38636363636363646
1182,1183,-129379962#2,13.4,5.0
1184,1185,-129379962#3,4.0,0.0
1186,1187,-129379962#4,2.6,2.0
1188,1189,-129379964,13.0,0.0
1190,1191,-129778904#0,13.200000000000001,3.0
1192,1193,-129778904#1,7.0,0.7
1194,1195,-129778904#2,5.0,0.6666666666666669
1196,1197,-129778904#3,22.0,11.444444444444446
1198,1199,-129778925,8.8,0.5
1200,1201,-129994349,25.0,2.2857142857142856
1202,1203,-129994350,21.6,2.0
1204,1205,-130185484#0,43.0,36.91666666666666
1208,1209,-130185484#2,5.0,0.0
1210,1211,-130185486#0,10.4,2.25
1212,1213,-130185486#1,15.8,12.333333333333334
1214,1215,-130185486#2,11.0,0.0
1216,1217,-130185488#1,5.0,1.4861815883272176
1218,1219,-130185488#1.58,4.0,20.54062121398345
1220,1221,-130185488#2,4.0,0.35488994781030175
1222,1223,-130185488#3,6.0,0.5462082912032357
1224,1225,-130185488#4,5.0,0.17854569824914135
1226,1227,-130185490#1,7.4,1.5833333333333337
1228,1229,-130185490#2,81.60000000000001,116.5
1232,1233,-130185490#4,5.8,0.5
1236,1237,-130185495,16.0,0.0
1238,1239,-130996521#1,229.40000000000006,12113.713157894736
1240,1241,-130996521#2,93.2,78.84065934065939
1242,1243,-130996521#3,55.800000000000004,56.666666666666664
1248,1249,-131118449,4.0,0.3161764705882352
1250,1251,-131118454,3.0,0.3399209486166008
1252,1253,-131118455,3.0,0.15526315789473685
1254,1255,-131118458,29.0,4.019762845849804
1256,1257,-131118459#0,13.0,1.8909090909090907
1258,1259,-131118459#1,11.0,1.4999999999999996
1260,1261,-131118460#0,13.4,4.5
1262,1263,-131118460#1,8.0,1.5999999999999996
1264,1265,-131118462#0,3.6,0.33333333333333326
1266,1267,-131118462#1,4.0,0.2666666666666666
1268,1269,-131118462#2,2.0,0.0
1270,1271,-131118464#0,1.0,0.0
1272,1273,-131118464#1,1.4000000000000004,0.25
1274,1275,-131118464#2,2.2,0.7
1276,1277,-131634116#0,3.0,0.3
1278,1279,-131634116#1,5.0,0.0
1280,1281,-131634116#2,17.0,0.0
1282,1283,-131634117#1,3.0,0.4000000000000001
1284,1285,-131634117#2,1.4000000000000004,0.5
1286,1287,-131634117#3,6.0,0.3333333333333333
1288,1289,-131634117#5,7.0,1.618181818181818
1290,1291,-131634130#0,2.0,0.0
1292,1293,-131634130#1,6.0,0.0
1294,1295,-131634134#0,24.0,124.41818181818182
1296,1297,-131634134#1,5.0,2.0000000000000004
1298,1299,-131634136,5.0,0.5535714285714285
1300,1301,-131634138#1,7.6,2.0
1302,1303,-131634138#2,3.8,0.5
1304,1305,-131634140#0,4.2,0.7999999999999999
1306,1307,-131634140#1,6.4,0.24999999999999992
1308,1309,-131634140#2,7.0,1.2000000000000002
1310,1311,-131634142,5.0,0.0
1312,1313,-131634144#1,5.4,0.9166666666666666
1316,1317,-131634145#1,4.0,0.0
1318,1319,-131634145#2,5.0,0.33333333333333326
1320,1321,-131634145#3,1.0,0.125
1322,1323,-131634145#4,6.0,0.2426470588235293
1324,1325,-131700647#0,6.0,0.0
1326,1327,-131700647#1,13.2,8.0
1330,1331,-131700651#1,28.6,1.0
1332,1333,-131700652#0,8.0,0.75
1334,1335,-131700652#1,12.0,0.6964285714285717
1336,1337,-131700653#0,7.0,0.0
1338,1339,-131700654#0,5.0,0.30000000000000016
1340,1341,-131700654#1,20.0,4.5
1342,1343,-131700656,16.8,4.333333333333333
1344,1345,-131722023,14.6,1.0
1346,1347,-131722024,16.6,5.666666666666667
1348,1349,-135583699,12.2,2.333333333333334
1352,1353,-136435842,24.6,4.750000000000001
1360,1361,-136436469,12.0,26.997835497835506
1362,1363,-136436470,10.8,1.1742424242424243
1366,1367,-136436473,7.0,1.423076923076924
1368,1369,-136436475#0,8.0,3.4666666666666663
1370,1371,-136436476#1,4.0,18.769027328827505
1372,1373,-136436476#10,7.0,2.844444444444444
1374,1375,-136436476#11,7.800000000000001,2.0000000000000004
1376,1377,-136436476#2,3.0,43.82613510520487
1378,1379,-136436476#3,11.0,15.429166666666667
1380,1381,-136436476#4,8.0,0.6999999999999998
1382,1383,-136436476#5,14.0,0.0
1384,1385,-136436476#6,6.0,0.0
1386,1387,-136436476#7,6.0,5.766666666666666
1388,1389,-136436476#9,6.6000000000000005,4.839285714285713
1390,1391,-136437407#0,2.0,0.0
1394,1395,-136437407#2,13.0,0.0
1396,1397,-136437411,18.0,0.0
1400,1401,-136517436#1,6.0,0.5714285714285714
1402,1403,-136517436#2,11.0,0.33333333333333304
1404,1405,-136517436#3,3.2,1.7999999999999998
1406,1407,-136517436#4,19.0,12.5
1408,1409,-136517439,10.0,117.63846153846153
1410,1411,-136517442#0,5.0,1.2545454545454544
1412,1413,-136517442#1,7.6,0.3333333333333335
1416,1417,-136618617#0,6.600000000000001,0.4678030303030304
1418,1419,-136618617#1,3.0,0.5820105820105821
1420,1421,-136618617#2,16.0,2.3476190476190473
1422,1423,-136618617#3,10.0,1.6380952380952376
1424,1425,-136618617#4,4.0,0.5956989247311828
1428,1429,-136728344#0,21.0,4.0233877879645785
1430,1431,-136728344#3,16.0,9.938937242327077
1432,1433,-136728344#4,8.0,1.3733613653227812
1434,1435,-136728344#4.82,6.0,0.776296387318752
1436,1437,-136728347#0,7.0,18.37655426953811
1438,1439,-136728347#1,6.0,3.3474394847879205
1440,1441,-136728347#2,5.0,0.44514032027905526
1442,1443,-136728347#3,1.0,0.12327572538449354
1444,1445,-136728347#4,3.0,0.2530609728167991
1458,1459,-136728351#0,23.6,5.071428571428571
1460,1461,-136728351#1,34.2,18.799999999999997
1462,1463,-136728351#3,143.4,223.90476190476195
1470,1471,-136728366#0,9.0,3.2727272727272734
1472,1473,-136728366#1,53.400000000000006,1007.0277777777776
1500,1501,-136888519#0,11.0,34.28085399449036
1502,1503,-136888519#1,3.0,0.18677685950413234
1504,1505,-136888525,75.0,0.0
1506,1507,-136900855,3.0,0.4
1508,1509,-137031654#0,5.0,1217.75
1510,1511,-137031654#1,6.2,2.0
1512,1513,-137132992#0,2.4000000000000004,1.0666666666666667
1514,1515,-137132992#1,3.0,0.14285714285714288
1516,1517,-137132992#2,3.0,0.12500000000000008
1518,1519,-137132992#3,2.0,0.0
1522,1523,-137133010#1,10.8,0.5
1524,1525,-137133010#2,4.0,0.9166666666666666
1526,1527,-137246371#1,3.0,0.20574860574860573
1528,1529,-137246371#2,2.0,0.1462578716479163
1530,1531,-137246375,5.0,43.054545454545455
1538,1539,-137247859#1,8.0,0.0
1540,1541,-137247860,28.0,0.0
1546,1547,-137427254#0,9.0,2.25
1550,1551,-137435076,6.0,0.0
1552,1553,-137435081,4.0,1.0714285714285716
1554,1555,-137435083,4.800000000000001,3.0
1560,1561,-137435089,22.8,79.0
1562,1563,-137435091,15.0,0.9047619047619045
1564,1565,-137435095,25.0,0.0
1566,1567,-137435100#0,1.0,2.6666666666666665
1568,1569,-137435100#1,5.0,2.6287878787878785
1570,1571,-137435100#2,4.2,1.5666666666666667
1572,1573,-137435102#0,3.0,1.2129032258064523
1574,1575,-137435102#1,4.0,0.6111111111111112
1576,1577,-137435102#2,12.0,0.0
1578,1579,-137435107#0,2.0,0.0
1582,1583,-137435107#3,12.8,0.5
1584,1585,-137435107#4,1.0,0.0
1586,1587,-137454133#1,4.0,0.5277777777777777
1588,1589,-137454133#3,5.6000000000000005,1.1428571428571428
1590,1591,-137454133#4,5.800000000000001,2.1428571428571432
1592,1593,-137454133#5,10.2,0.6999999999999995
1594,1595,-137463474#0,18.0,98.64999999999999
1596,1597,-137463474#1,10.0,0.6545454545454545
1598,1599,-137463475#0,4.0,476.31266025481966
1600,1601,-137463475#1,104.0,3651.2662688638707
1602,1603,-137463475#2,12.0,1287.3274884666505
1604,1605,-137463478#1,7.0,11.168722943722942
1606,1607,-137463478#1.16,10.0,13.427219321148835
1608,1609,-137463478#2,13.0,14.664484848484845
1610,1611,-137463478#3,10.0,1629.529682369672
1612,1613,-137500982#2,16.0,0.0
1616,1617,-137672872,10.0,0.9272751713940044
1618,1619,-137672879,37.0,0.0
1620,1621,-137685135,4.0,0.3131261939105686
1624,1625,-137685160#1,1.6,0.33333333333333337
1626,1627,-137685160#2,7.0,0.33333333333333326
1628,1629,-137685160#3,4.6,0.3333333333333335
1630,1631,-137685161#0,115.8,74.9166666666667
1638,1639,-137685161#4,224.0,827.2
1640,1641,-137685161#5,4.0,0.9523809523809524
1642,1643,-137685161#6,47.0,32.56666666666666
1644,1645,-137685161#7,62.8,71.3
1646,1647,-138002149#1,3.0,0.5398426948438865
1648,1649,-138002149#2,14.0,2.310992555435702
1650,1651,-138002149#3,9.0,1.9228354135053987
1654,1655,-138265831,11.8,0.5
1656,1657,-138300617#0,2.0,0.2570564516129032
1658,1659,-138300617#1,3.0,0.25806451612903225
1660,1661,-138300617#2,2.0,0.18939393939393942
1662,1663,-138300617#3,11.400000000000002,1.4696969696969693
1664,1665,-138300617#4,10.0,0.772727272727273
1666,1667,-138300620#1,6.0,12.543333333333335
1668,1669,-138300620#2,9.0,1.5138461538461538
1670,1671,-138300620#6,10.0,0.9090909090909091
1672,1673,-138300621#0,24.0,0.0
1674,1675,-138300622,13.0,0.0
1676,1677,-138300624#0,11.0,0.5535714285714283
1678,1679,-138300624#1,9.0,1.7
1680,1681,-138300626#0,3.2,1.2
1682,1683,-138300626#1,11.2,2.7
1684,1685,-138300627,5.0,0.0
1686,1687,-138396689#2,29.4,8.666666666666666
1688,1689,-138396689#3,4.6,2.0
1690,1691,-139230366,2.0,1.0377663055868096
1694,1695,-139429268,3.0,0.42008303933568575
1696,1697,-139429275#0,13.4,4.5
1698,1699,-139429275#1,3.0,0.0
1702,1703,-140579883,14.0,0.0
1704,1705,-140684000#1,47.0,856.0051862870837
1706,1707,-140684000#1.23,5.0,293.7859471172252
1708,1709,-140684003,21.8,2.952380952380952
1710,1711,-140737941#0,12.6,1.0
1712,1713,-140737941#1,4.6,0.33333333333333326
1714,1715,-140737941#2,4.0,0.0
1716,1717,-140737941#3,4.6,0.33333333333333326
1718,1719,-140737941#4,4.0,2.0
1720,1721,-140737941#5,2.0,0.0
1722,1723,-140737941#6,3.0,0.0
1724,1725,-140737941#7,3.8,0.5
1726,1727,-140737941#8,3.0,0.0
1728,1729,-140737941#9,2.0,0.0
1732,1733,-140737948#0,6.0,5.904761904761904
1734,1735,-140737948#1,4.2,0.8
1736,1737,-140737948#10,4.0,0.8727272727272728
1738,1739,-140737948#11,10.0,0.6969696969696972
1740,1741,-140737948#2,5.0,0.19999999999999996
1742,1743,-140737948#3,4.0,0.14285714285714288
1744,1745,-140737948#4,4.0,0.28571428571428575
1746,1747,-140737948#5,4.0,0.23333333333333334
1748,1749,-140737948#6,4.0,0.2857142857142857
1750,1751,-140737948#7,4.0,0.2777777777777777
1752,1753,-140737948#8,4.0,0.9333333333333331
1754,1755,-140737948#9,3.2,0.17777777777777778
1756,1757,-140737954#0,4.0,0.6923076923076925
1758,1759,-140737954#1,4.0,0.23333333333333334
1764,1765,-140737954#12,1.6,0.3333333333333333
1766,1767,-140737954#13,4.0,0.33333333333333337
1768,1769,-140737954#3,4.0,0.7878787878787876
1770,1771,-140737954#4,3.2,0.7666666666666667
1772,1773,-140737954#5,4.0,0.2857142857142857
1774,1775,-140737954#6,4.0,0.2857142857142857
1776,1777,-140737954#7,2.0,0.7
1778,1779,-140737954#8,7.200000000000004,94.8
1782,1783,-140737957,6.8,0.5
1786,1787,-140737969,3.0,0.2857142857142857
1790,1791,-140737980#0,7.0,0.0
1792,1793,-140737980#1,1.8,0.5
1794,1795,-140737986,6.6,2.0
1796,1797,-140737990,6.0,0.0
1802,1803,-140738003,7.0,0.0
1804,1805,-140738008,5.0,0.0
1806,1807,-140738011,7.0,0.0
1814,1815,-140738047#0,1.0,0.0
1816,1817,-140738047#1,2.4000000000000004,0.25000000000000006
1818,1819,-140738047#2,8.8,0.5
1820,1821,-140738054#0,11.8,6.333333333333332
1822,1823,-140738054#1,4.0,0.6111111111111112
1824,1825,-140738054#2,2.0,0.16190476190476186
1826,1827,-140739763,8.0,1.3333333333333335
1828,1829,-140834247#0,19.0,0.0
1834,1835,-140834249#0,12.4,1.7499999999999998
1836,1837,-140834249#1,6.0,0.3611111111111113
1838,1839,-140834249#10,13.0,0.0
1840,1841,-140834249#11,16.0,0.0
1842,1843,-140834249#2,1.0,0.2857142857142857
1844,1845,-140834249#3,2.0,0.28571428571428575
1846,1847,-140834249#4,3.0,0.26666666666666666
1848,1849,-140834249#5,3.0,0.3333333333333333
1850,1851,-140834249#6,2.8000000000000007,2.0000000000000004
1852,1853,-140834249#7,5.8,0.5
1854,1855,-140834249#8,17.8,18.0
1856,1857,-140834249#9,4.0,0.0
1860,1861,-140834251,14.0,0.0
1862,1863,-140834252,13.0,0.0
1866,1867,-140834254#0,8.0,1.1636363636363636
1870,1871,-140834254#11,7.0,0.0
1872,1873,-140834254#13,7.0,0.29999999999999993
1874,1875,-140834254#2,4.2,0.19999999999999996
1876,1877,-140834254#3,5.0,0.6999999999999998
1878,1879,-140834254#4,4.2,1.2000000000000002
1880,1881,-140834254#5,6.0,1.3333333333333335
1882,1883,-140834254#6,4.6,1.0
1884,1885,-140834254#7,10.0,0.0
1890,1891,-140834255#1,8.0,1.0215384615384622
1892,1893,-140834256#0,17.0,0.0
1896,1897,-140834257#0,17.0,0.0
1900,1901,-140834257#3,21.6,2.0
1902,1903,-140834257#4,8.8,0.5
1904,1905,-140834257#5,6.4,0.25000000000000006
1906,1907,-140834257#6,21.0,0.916666666666667
1908,1909,-140834257#7,12.8,2.0000000000000004
1912,1913,-140834261#0,9.8,0.8095238095238099
1914,1915,-140834261#1,1.0,0.28571428571428575
1916,1917,-140834261#2,3.0,0.28571428571428564
1918,1919,-140834261#3,18.0,3.0
1920,1921,-140834262#0,8.0,1.1220329024676847
1922,1923,-140834262#1,7.0,0.49169110459433024
1924,1925,-140834263#0,10.0,0.33333333333333304
1926,1927,-140834263#1,6.0,0.33333333333333326
1928,1929,-140834270#0,26.800000000000004,45.33333333333332
1930,1931,-140834270#2,21.0,0.0
1932,1933,-140834271#0,29.6,2.0
1936,1937,-140834271#2,7.0,0.0
1938,1939,-141058755#0,10.0,0.7669977081741788
1940,1941,-141058755#1,12.0,1.4743117859059884
1942,1943,-141058755#2,4.0,0.3560393854511503
1944,1945,-141058755#3,2.0,0.1630167218402513
1946,1947,-141058755#4,1.0,0.025974025974025976
1948,1949,-141058756,13.0,0.0
1952,1953,-141058763,20.0,0.0
1954,1955,-143054330,2.0,0.30000000000000004
1956,1957,-143054332#0,7.6,0.33333333333333326
1958,1959,-143054333#1,2.8,0.5
1960,1961,-143054333#10,9.6,0.33333333333333304
1962,1963,-143054333#11,7.2,1.333333333333333
1964,1965,-143054333#12,5.0,0.41818181818181815
1966,1967,-143054333#13,37.0,8.500000000000005
1968,1969,-143054333#14,7.0,0.44729344729344717
1970,1971,-143054333#15,4.800000000000001,0.8991935483870969
1972,1973,-143054333#16,4.0,0.7325396825396823
1974,1975,-143054333#17,3.0,0.4628339140534261
1976,1977,-143054333#18,3.0,0.430817610062893
1978,1979,-143054333#19,6.0,0.4941944847605227
1980,1981,-143054333#2,33.0,12.450216450216452
1982,1983,-143054333#20,5.0,0.35813672111312767
1984,1985,-143054333#21,5.0,0.8235294117647056
1986,1987,-143054333#22,5.0,0.4313883299798794
1988,1989,-143054333#23,7.0,0.6603557085484796
1990,1991,-143054333#4,48.2,47.410714285714256
1992,1993,-143054333#5,44.0,24.855384615384622
1994,1995,-143054333#6,26.0,0.0
1996,1997,-143054333#7,17.0,0.916666666666667
1998,1999,-143054333#8,11.2,8.0
2000,2001,-143054333#9,7.6,2.0
2004,2005,-143313739,17.0,0.0
2006,2007,-143313756,72.0,28.700000000000014
2008,2009,-144654970,37.0,27.0
2010,2011,-144655546#0,48.200000000000045,3327.6618125232258
2012,2013,-144655546#1,13.0,1.7694147957305861
2014,2015,-144655546#2,1.0,0.17725752508361203
2016,2017,-144655547#0,10.0,0.9296610169491525
2018,2019,-144655547#1,5.0,0.6878531073446328
2020,2021,-144655547#2,2.200000000000003,0.3690235690235691
2022,2023,-144655547#3,7.0,0.6334841628959279
2024,2025,-144655547#4,2.8000000000000043,0.19758672699849164
2026,2027,-144657087#0,31.0,205.8666666666667
2030,2031,-144657087#3,7.0,0.3100000000000001
2038,2039,-144659492#0,4.0,0.0
2040,2041,-144659492#1,8.0,0.4999999999999999
2042,2043,-144659492#2,7.0,0.9444444444444442
2044,2045,-144659492#3,4.0,0.31428571428571417
2046,2047,-144659492#4,4.0,0.3676470588235295
2048,2049,-144659492#5,3.0,0.3320158102766798
2050,2051,-144659492#6,4.0,0.356989247311828
2052,2053,-144659492#7,5.0,0.3492063492063491
2054,2055,-144659493,15.0,0.0
2060,2061,-145069278#0,7.0,10.948717948717949
2062,2063,-145069278#1,18.0,7.201538461538462
2064,2065,-145069278#2,15.0,6.783333333333334
2066,2067,-145069284,4.0,0.0
2068,2069,-145069287#0,4.0,0.2857142857142857
2070,2071,-145069287#1,4.0,0.12500000000000003
2072,2073,-145069287#2,3.0,0.12500000000000003
2074,2075,-145069287#3,5.0,0.5535714285714286
2076,2077,-145069287#4,5.0,0.21428571428571425
2078,2079,-145069287#8,4.0,0.21428571428571433
2086,2087,-145069303#1,32.0,220.0940507186933
2088,2089,-145069303#2,4.0,38.74436530393208
2090,2091,-145069303#3,4.0,10.0497448569204
2092,2093,-145069303#4,5.0,0.6621005376439486
2094,2095,-145069307#0,3.0,0.2857142857142857
2096,2097,-145069307#1,3.0,1.5714285714285712
2100,2101,-145069316#1,4.0,0.5636363636363636
2102,2103,-145069320#0,3.0,0.6666666666666667
2104,2105,-145069320#1,6.6,0.33333333333333326
2106,2107,-145069334,3.0,0.5274725274725273
2118,2119,-145069347#1,5.0,1.333333333333333
2120,2121,-145069357,9.0,0.8106060606060607
2122,2123,-145069369#0,3.0,1.2445652173913044
2124,2125,-145069369#1,3.0,0.3894927536231885
2126,2127,-145069371#0,13.0,1.4971550497866282
2128,2129,-145069371#1,3.0,0.6909090909090909
2130,2131,-145069391,4.0,0.14814814814814808
2134,2135,-145577009,62.4,22.299999999999994
2140,2141,-146973200#0,1.0,0.1747516072472238
2142,2143,-146973200#1,16.400000000000006,2.821741671537113
2144,2145,-146973200#2,2.0,0.18734177215189873
2146,2147,-146973201#0,27.0,10.916666666666664
2148,2149,-146973212,7.0,0.9298725814063236
2150,2151,-146973214#1,31.0,207.07485472274215
2152,2153,-146973214#10,1.0,0.16641269841269832
2154,2155,-146973214#11,2.0,0.276516129032258
2156,2157,-146973214#12,2.0,0.2563025210084034
2158,2159,-146973214#13,6.0,1.0732089445947872
2160,2161,-146973214#17,1.0,0.2524242424242424
2162,2163,-146973214#18,5.0,0.4949494949494948
2164,2165,-146973214#2,8.0,0.8473568970910224
2166,2167,-146973214#21,3.0,0.9263636363636363
2168,2169,-146973214#22,4.0,0.5234567901234566
2170,2171,-146973214#23,7.0,1.3881081081081084
2172,2173,-146973214#6,3.0,0.24629886652787417
2174,2175,-146973214#7,5.0,0.3994910941475829
2176,2177,-146973214#9,3.0,0.18219354838709675
2178,2179,-146973218#0,8.0,0.6306394027913017
2180,2181,-146973218#1,8.0,0.886276814575375
2182,2183,-146973218#2,7.0,1.0912084957655601
2184,2185,-146973218#3,13.0,2.004037399065024
2186,2187,-146973218#4,1.0,0.22106190908605317
2188,2189,-146973218#5,10.0,4.529623115577887
2190,2191,-146973225#1,6.0,6.894759231305247
2192,2193,-146973225#1.38,3.0,19.813664890467738
2194,2195,-146973225#2,2.0,9.548055886669758
2196,2197,-146973225#3,6.0,14.768788676825315
2198,2199,-146973234#0,9.0,0.7000000000000002
2200,2201,-146973234#1,84.6,30.299999999999997
2202,2203,-146973236#0,5.0,0.6163169116821908
2204,2205,-146973236#1,11.0,0.9171717171717181
2206,2207,-146973236#10,4.4,0.46153846153846156
2208,2209,-146973236#11,7.0,1.0000000000000002
2218,2219,-146973236#2,6.0,0.40269360269360266
2220,2221,-146973236#3,4.0,0.21010101010101007
2222,2223,-146973236#4,4.0,0.1886792452830189
2224,2225,-146973236#5,8.0,0.7941998602375956
2226,2227,-146973236#7,5.0,1.033868092691622
2228,2229,-146973236#8,10.0,0.6904761904761909
2230,2231,-146973236#9,3.0,0.24725274725274707
2234,2235,-147014252#0,5.8,0.5
2238,2239,-147014252#2,8.0,0.0
2240,2241,-147014252#3,8.0,0.0
2242,2243,-147014252#4,6.0,0.0
2244,2245,-147014252#6,13.2,2.6999999999999997
2250,2251,-147014273#0,5.0,0.7692307692307695
2252,2253,-147014273#1,9.4,2.9333333333333336
2256,2257,-147042365#1,3.0,0.25000000000000006
2258,2259,-147042366,6.0,0.0
2260,2261,-147042372#0,3.6,2.0
2264,2265,-147042385#0,29.00000000000001,258.6666666666667
2266,2267,-147042385#1,21.8,4.916666666666667
2268,2269,-147042385#2,24.6,2.0
2270,2271,-148050447#0,17.0,2.8545454545454554
2272,2273,-148050447#1,12.2,1.1666666666666672
2274,2275,-148050448#0,56.0,441.0577885112989
2276,2277,-148050448#1,6.0,63.02589688762181
2278,2279,-148050451#0,10.0,1.2499999999999998
2280,2281,-148050451#1,6.0,1.1999999999999997
2282,2283,-148050451#2,11.8,13.80952380952381
2284,2285,-148050452#0,9.0,1.4945054945054952
2286,2287,-148050452#1,17.0,0.966666666666667
2288,2289,-148050453#0,8.0,66.89473684210526
2290,2291,-148050453#1,6.600000000000001,0.4084967320261437
2292,2293,-148050453#3,9.0,0.4666666666666669
2294,2295,-148050453#4,16.8,2.0606060606060606
2296,2297,-148050453#5,18.0,1.6999999999999993
2298,2299,-148050455#0,11.800000000000011,1.2184386738526871
2300,2301,-148050455#1,10.0,3.252922679996775
2302,2303,-148050456,15.0,0.0
2304,2305,-148050457#0,4.0,0.0
2306,2307,-148050457#1,9.0,0.33333333333333304
2308,2309,-148050457#2,5.0,0.0
2314,2315,-148126360#0,3.0,0.0
2316,2317,-148126360#1,9.0,0.0
2318,2319,-148126361#1,17.0,0.0
2320,2321,-148126361#2,6.0,0.0
2322,2323,-148126361#3,10.8,0.5
2324,2325,-148351766,2.0,0.4075160094371418
2326,2327,-148352067,11.0,1.2248583768018384
2340,2341,-148527678#0,30.200000000000003,262.3333333333333
2366,2367,-148527691#1,7.400000000000002,19.499999999999996
2368,2369,-148527691#2,7.400000000000002,1.2155797101449273
2370,2371,-148527691#3,9.400000000000002,1.2753623188405805
2372,2373,-148527691#4,15.0,2.9547101449275353
2374,2375,-148527691#5,7.0,0.7807971014492752
2376,2377,-148527691#6,6.0,0.5797101449275358
2378,2379,-148527691#7,12.0,2.1721014492753623
2380,2381,-148527691#8,17.400000000000002,4.54891304347826
2382,2383,-148527691#9,4.0,0.33152173913043476
2384,2385,-148529632#0,28.6,14.923076923076914
2386,2387,-148529632#2,15.0,0.9999999999999999
2388,2389,-148529632#3,28.2,3.3000000000000007
2390,2391,-148529632#4,15.0,3.0666666666666673
2392,2393,-148596540#0,8.0,0.8251174723975903
2394,2395,-148596540#1,4.0,0.34617602121710084
2396,2397,-148596540#2,22.0,6.700178487412522
2410,2411,-148680866#0,1.0,0.0
2428,2429,-149044751#0,18.6,758.7307692307693
2430,2431,-149044751#1,6.4,0.25
2432,2433,-149044751#2,5.0,0.0
2434,2435,-149045266,23.60000000000001,64.75666666666669
2436,2437,-149045269#0,5.0,0.4000000000000002
2438,2439,-149045269#1,5.0,0.17777777777777792
2440,2441,-149045269#3,9.600000000000001,1357.267857142857
2442,2443,-149045845,12.2,0.20000000000000018
2444,2445,-150391230,4.0,0.2
2448,2449,-15057616#1,8.0,0.0
2450,2451,-15066337#0,11.8,0.5
2452,2453,-15066337#1,8.0,1.3333333333333335
2454,2455,-15066337#2,14.6,2.0
2456,2457,-15066337#3,12.6,2.0
2458,2459,-15066339#0,5.6,0.3333333333333335
2460,2461,-15066339#1,5.6,1.0
2462,2463,-15066339#2,11.6,1.0
2464,2465,-15066339#3,9.0,0.0
2466,2467,-150746347#0,19.0,2.9498644986449865
2468,2469,-150746347#1,4.0,0.4046429620922713
2470,2471,-150746347#2,25.0,6.183526999316476
2472,2473,-150746347#4,5.0,1.114490772385509
2474,2475,-150746361#1,49.400000000000006,1131.8490028490028
2476,2477,-150746361#2,30.200000000000006,3343.28804347826
2478,2479,-150746364#1,7.800000000000001,1.7878787878787876
2480,2481,-150746364#2,3.0,1.0277777777777777
2482,2483,-150746364#4,4.0,0.33333333333333337
2484,2485,-150816775,5.0,0.400427693130179
2488,2489,-151167720#0,12.200000000000001,40.5
2492,2493,-151167730,19.6,4.333333333333334
2496,2497,-151167733#3,11.400000000000002,1.0144927536231885
2498,2499,-151167733#4,9.0,0.8941532258064515
2500,2501,-151167733#5,5.0,0.443661971830986
2502,2503,-151167738#2,357.0,27085.11384615385
2504,2505,-151167753,17.4,1.6666666666666679
2506,2507,-151345398#1,9.6,2.0
2512,2513,-151345407#0,2.0,0.0
2514,2515,-151345407#1,3.8000000000000007,1.0
2516,2517,-151345408#0,28.6,24.5
2518,2519,-151345409#0,23.0,25.0
2520,2521,-151345409#1,3.0,0.9166666666666665
2522,2523,-151345409#2,1.0,0.0
2526,2527,-151345410,31.4,3.333333333333334
2528,2529,-152036408,32.00000000000001,431.52941176470586
2530,2531,-152037912,8.4,6.3
2532,2533,-152037913#0,32.600000000000016,774.9166666666666
2534,2535,-152037913#1,1.4000000000000004,0.25
2536,2537,-152037914,3.0,0.0
2538,2539,-152038425,8.0,0.619047619047619
2540,2541,-152038426,7.0,0.0
2542,2543,-152038427,9.0,2.992424242424244
2544,2545,-152039154#0,6.8,0.5
2546,2547,-152039154#1,3.0,0.5277777777777778
2548,2549,-152039156,9.6,0.3333333333333335
2550,2551,-152039157,10.0,1.0
2552,2553,-152040623#0,2.0,0.2678571428571429
2554,2555,-152040623#1,9.0,2.857142857142858
2556,2557,-152077572#0,2.0,258.8282792207792
2558,2559,-152077572#1,6.0,703.4245499689634
2560,2561,-152077572#2,8.0,71.12866789441371
2564,2565,-152079698,14.0,0.0
2568,2569,-152081136,5.0,0.29999999999999993
2578,2579,-153220338#0,10.0,375.51578553615946
2580,2581,-153220338#1,3.0,36.73064340239908
2582,2583,-153220338#2,7.0,3.9304587496355956
2584,2585,-153220338#3,2.0,0.2480145778938205
2586,2587,-153220338#4,4.0,0.38548322820903946
2588,2589,-153222274#1,2.6,0.33333333333333337
2594,2595,-153222276,2.6,0.33333333333333326
2598,2599,-153692837#1,44.0,292.4067599067597
2600,2601,-153692837#2,20.0,2.8690824079485666
2602,2603,-153692841#0,6.0,0.16666666666666674
2604,2605,-153692841#1,4.0,0.4
2606,2607,-153692841#2,7.0,0.6666666666666667
2608,2609,-153692841#4,2.0,0.6666666666666667
2610,2611,-153692841#5,14.0,0.30000000000000004
2612,2613,-153692841#6,16.2,2.499999999999999
2614,2615,-153774648#0,32.0,10.696864111498261
2616,2617,-153774648#1,59.4,23.75
2618,2619,-153774649#0,15.0,3.701182645671384
2620,2621,-153774649#1,9.0,2.621378621378622
2622,2623,-154658249,5.0,0.2999999999999999
2626,2627,-155847370,9.0,0.7857142857142854
2630,2631,-155847568,35.0,33.7
2632,2633,-156041643#0,5.0,0.8106060606060604
2634,2635,-156041643#1,3.0,0.3333333333333334
2636,2637,-156041643#2,3.0,0.12500000000000003
2638,2639,-156041695,13.600000000000001,5.55357142857143
2640,2641,-156041699,8.0,0.24999999999999992
2642,2643,-156041708,8.0,0.7000000000000002
2644,2645,-156041710,18.6,1.0
2646,2647,-156041713#1,5.0,2.602564102564102
2648,2649,-156041713#2,14.400000000000006,67.93589743589743
2650,2651,-156041713#3,10.0,0.0
2652,2653,-156791366#0,5.600000000000001,6.08974358974359
2654,2655,-156791366#1,16.0,1.2954545454545452
2656,2657,-156791366#2,14.8,2.904761904761905
2658,2659,-156817405,4.0,0.9444444444444444
2660,2661,-156923382,6.6,0.33333333333333326
2662,2663,-156923383,8.200000000000001,7.0
2664,2665,-156923526#1,4.0,4235.912804149874
2666,2667,-156923526#2,11.0,4162.977142110758
2668,2669,-156923526#3,2.0,0.22076056127780258
2670,2671,-156923526#4,2.0,0.9186869770435525
2672,2673,-157118746,77.0,0.0
2676,2677,-157305700#2,21.0,3.4871794871794894
2678,2679,-157305700#3,8.0,0.6082251082251082
2680,2681,-157305700#4,4.0,0.25324675324675333
2682,2683,-157305700#5,3.8000000000000007,0.2510822510822511
2684,2685,-157305700#6,9.0,0.45238095238095255
2690,2691,-157305702#1,10.2,1.3000000000000003
2692,2693,-157305702#2,16.0,2.3
2694,2695,-157305703,4.0,0.0
2696,2697,-157306362#0,3.0,0.23809523809523808
2698,2699,-157306362#1,3.0,0.2692307692307692
2700,2701,-157306362#10,17.4,1.6666666666666667
2702,2703,-157306362#2,3.0,0.5666666666666667
2704,2705,-157306362#3,2.8,0.5
2706,2707,-157306362#4,2.0,0.0
2708,2709,-157306362#5,7.0,0.0
2710,2711,-157306362#8,23.8,0.5
2712,2713,-157306362#9,19.8,0.5
2714,2715,-157306363,15.0,1.1111111111111107
2716,2717,-157306371,14.0,1.3444444444444452
2718,2719,-158179325#0,4.0,0.0
2720,2721,-158179326,7.0,0.33333333333333326
2722,2723,-158179327,7.0,0.5666666666666667
2724,2725,-158179329#0,34.0,0.0
2726,2727,-158179329#1,15.0,0.0
2728,2729,-158179329#2,7.0,0.0
2732,2733,-158179332,7.0,0.3999999999999999
2734,2735,-158180482#0,4.0,0.9999999999999999
2736,2737,-158180482#1,3.6000000000000005,0.21428571428571422
2738,2739,-158180482#2,4.0,0.2857142857142857
2740,2741,-158180482#3,2.0,0.0
2744,2745,-158180483#0,3.0,0.0
2752,2753,-159579401#6,9.6,1.0
2754,2755,-159579401#7,6.0,0.2999999999999999
2756,2757,-159579413,30.0,0.0
2758,2759,-159633435,21.0,0.0
2760,2761,-159646351,4.0,1.3986928104575165
2762,2763,-159646354,21.0,4.916666666666663
2764,2765,-159646363#0,7.600000000000001,1.9999999999999998
2766,2767,-159646363#1,3.0,0.5959595959595961
2768,2769,-159646363#2,1.0,0.8011695906432746
2770,2771,-159646363#3,11.8,8.878787878787879
2772,2773,-159743996#0,7.0,2.5666666666666664
2774,2775,-159743996#1,5.8,0.5
2776,2777,-159743996#2,9.0,0.3333333333333335
2778,2779,-159743996#3,13.0,0.0
2780,2781,-159961033,6.0,3.111111111111111
2782,2783,-159961041,16.0,3.8
2784,2785,-160090329#0,2.0,0.2794117647058823
2786,2787,-160090329#1,17.0,2.2252747252747263
2788,2789,-160090329#2,3.0,1.018181818181818
2790,2791,-160090330,12.8,1.2857142857142858
2792,2793,-160090331,12.600000000000001,3.1250000000000004
2794,2795,-160309404#1,16.0,0.0
2796,2797,-160309406#0,8.0,1.1833333333333338
2798,2799,-160309406#1,9.600000000000001,2.267857142857143
2800,2801,-160309406#2,10.4,5.86111111111111
2802,2803,-160311903#1,24.0,0.0
2804,2805,-160314345#0,20.400000000000006,60.02564102564103
2806,2807,-160314345#1,12.0,1.1
2808,2809,-160314345#2,12.4,0.666666666666667
2810,2811,-160314345#3,11.0,0.7999999999999998
2812,2813,-160314345#4,12.0,0.9666666666666668
2814,2815,-160314345#7,13.8,2.6666666666666665
2816,2817,-160314345#8,17.0,5.8095238095238075
2818,2819,-160314346#0,10.0,1.0769230769230766
2820,2821,-160314346#1,10.0,25.866666666666667
2822,2823,-160314351#0,5.0,0.0
2824,2825,-160314351#1,1.0,0.0
2826,2827,-161678034#0,5.0,5.897238236352052
2828,2829,-161678034#1,19.0,4.250578447939689
2830,2831,-161678034#2,9.0,1.110670548723647
2844,2845,-161783477,10.2,0.7
2846,2847,-161783480,2.0,0.4364972153098707
2848,2849,-161784059#0,26.0,9.324889201634512
2850,2851,-161784059#1,10.0,1.3048040082522834
2852,2853,-161784059#2,11.0,1.2395658958717555
2854,2855,-161784059#3,9.0,0.902509081692996
2856,2857,-161784059#4,3.0,0.2590464926360845
2858,2859,-161784059#5,9.0,0.4354713421738892
2868,2869,-161789031#0,6.0,0.7500000000000002
2870,2871,-161789031#1,14.600000000000001,4.916666666666667
2872,2873,-161789031#2,6.0,0.25
2874,2875,-161789031#3,5.0,1.2692307692307694
2876,2877,-161789031#4,23.0,1.0
2878,2879,-161789031#5,6.0,1.7
2880,2881,-161789031#6,5.2,5.300000000000001
2882,2883,-161789031#7,4.0,0.36111111111111105
2884,2885,-161789032,13.8,0.5
2886,2887,-161789034,14.0,3.0666666666666664
2888,2889,-161789040,5.0,2.7704081632653064
2890,2891,-161789044#1,2.4000000000000004,0.19444444444444442
2892,2893,-161789044#2,5.2,4.0
2894,2895,-161789046#0,27.6,25.174242424242426
2896,2897,-161789379#1,7.0,0.0
2898,2899,-161789381,3.0,0.0
2904,2905,-164051403#0,7.0,1.1403508771929818
2906,2907,-164051405#1,8.0,1.2748917748917754
2908,2909,-164051405#2,3.0,0.26470588235294124
2910,2911,-164051408,2.0,0.22222222222222227
2912,2913,-164051410#0,7.0,0.6931216931216929
2914,2915,-164051410#1,2.0,0.26373626373626363
2916,2917,-164051413#0,13.0,56.03337893296853
2918,2919,-164051417#0,1.0,0.29464285714285715
2920,2921,-164051417#1,3.0,0.3808730158730161
2922,2923,-164051420,3.0,0.1602822580645161
2924,2925,-164051425#0,2.0,0.05263157894736845
2926,2927,-164051425#1,11.4,1.5847953216374266
2928,2929,-164051425#2,16.0,2.1637426900584793
2930,2931,-164051425#3,8.0,0.8710526315789477
2932,2933,-164051425#4,12.0,1.5026315789473679
2934,2935,-164051429#2,43.0,254.44907461203425
2936,2937,-164051431#0,7.6,2.0
2938,2939,-164051431#1,2.8,0.5
2940,2941,-164051431#2,13.6,1.0
2942,2943,-164051431#3,13.0,2.25
2944,2945,-164051431#4,6.0,0.23809523809523833
2946,2947,-164051431#5,3.8000000000000007,0.2380952380952381
2948,2949,-164051438#0,2.0,0.7539207299686341
2950,2951,-164051438#0.17,9.0,0.6526589677787284
2952,2953,-164051438#1,4.0,0.30407312810861686
2954,2955,-164051438#2,3.0,0.2514450867052022
2956,2957,-164064646,26.0,0.0
2958,2959,-164078531#0,13.0,10.065207578044559
2960,2961,-164078531#0.144,32.0,180.9570863879601
2962,2963,-164078531#1,3.0,0.8997940442099619
2964,2965,-164078536,6.0,0.5122864848666469
2972,2973,-164633674#0,29.20000000000001,209.55882352941174
2974,2975,-164633674#1,8.0,0.9926470588235294
2976,2977,-164859338#1,5.800000000000001,7.611111111111111
2978,2979,-164859338#2,8.0,4.3
2980,2981,-164859338#3,22.8,8.571428571428571
2982,2983,-164859338#4,1.0,0.0
2984,2985,-165414587#0,3.0,0.7781605473048797
2986,2987,-165520703#0,2.0,15.2126142393351
2988,2989,-165520703#1,4.0,81.61866930992
2990,2991,-165520703#2,3.0,18.25577808555528
2992,2993,-165520703#3,3.0,12.013957700540573
2994,2995,-165520703#4,9.0,16.953666606826687
2996,2997,-165520725,2.8000000000000007,92.23809523809524
3018,3019,-166638348#0,47.6,16.0
3020,3021,-166638348#1,21.0,0.0
3022,3023,-166638348#2,9.0,0.0
3024,3025,-166638348#3,7.0,0.0
3044,3045,-166638351#13,24.0,0.0
3046,3047,-166638351#14,9.0,1.1
3048,3049,-166638351#15,14.0,3.866666666666667
3050,3051,-166638351#16,5.8,0.5
3072,3073,-166638353#1,17.2,8.0
3112,3113,-166638360#0,6.0,6.166666666666666
3130,3131,-166638364,44.8,7.999999999999993
3134,3135,-166638366,39.0,0.0
3142,3143,-166638367#3,31.0,9.1
3144,3145,-166638367#4,27.0,5.1
3146,3147,-166638367#5,28.6,11.299999999999999
3156,3157,-166638371#0,10.4,4.5
3158,3159,-166638371#1,11.4,4.5
3196,3197,-166638372,24.0,0.0
3226,3227,-166639902#0,15.2,8.0
3228,3229,-166639902#1,8.4,4.5
3230,3231,-166639902#2,6.8,0.5
3234,3235,-166642721,2.0,0.0
3240,3241,-166821307#0,1.0,0.0
3244,3245,-166821307#2,4.0,0.0
3246,3247,-166821308#1,14.0,3.6111111111111116
3250,3251,-166821308#4,2.0,0.0
3252,3253,-166822309#0,14.0,0.0
3254,3255,-166822309#1,3.0,0.0
3260,3261,-166822311#3,2.6,0.33333333333333326
3262,3263,-166822311#4,15.0,0.0
3266,3267,-166823358,3.2,0.5
3268,3269,-166823359#0,6.0,2.897435897435898
3270,3271,-166878977,45.0,450.0
3272,3273,-166878981,3.0,0.0
3274,3275,-166878983,2.8000000000000003,3.0
3280,3281,-166878986#1,2.0,0.0
3282,3283,-166878987#0,7.0,0.0
3286,3287,-166878988#0,6.0,0.0
3288,3289,-166878988#1,8.0,0.0
3300,3301,-166878992#1,7.0,0.0
3302,3303,-166878993#1,5.0,9.602564102564104
3304,3305,-166878993#2,23.0,1.333333333333334
3308,3309,-166878994#1,3.0,0.0
3310,3311,-166878996#1,5.800000000000001,8.142857142857144
3312,3313,-166878996#2,12.0,0.9166666666666665
3320,3321,-168158796#0,14.8,4.333333333333332
3322,3323,-168158796#1,2.0,0.2857142857142857
3324,3325,-168158796#2,5.0,2.4999999999999996
3328,3329,-168158820#0,13.8,6.333333333333332
3330,3331,-168158820#1,2.0,0.25
3338,3339,-168172763#0,26.6,2.0
3340,3341,-168172763#1,5.0,0.0
3344,3345,-168243629#1,4.0,0.3
3346,3347,-168243629#2,2.6000000000000005,0.21428571428571433
3348,3349,-168243632,10.0,0.0
3350,3351,-168245119#0,4.0,0.37786774628879893
3352,3353,-168245119#1,15.0,2.7027027027027017
3354,3355,-168249926#0,6.0,1.9520904816368008
3358,3359,-168249929,3.6,1.0
3362,3363,-168511765#0,8.0,1.6
3364,3365,-168511765#1,7.0,1.0
3366,3367,-168853055#0,10.0,0.6662549088810827
3368,3369,-168853055#1,31.0,6.500008291828128
3370,3371,-168853060#0,2.0,0.0
3376,3377,-168853061#1,47.2,16.333333333333336
3380,3381,-168853069#0,58.0,50.0
3382,3383,-168853069#1,47.6,66.83928571428571
3384,3385,-168853069#2,232.0,1311.2545454545455
3386,3387,-168853071#0,88.0,63.10000000000002
3388,3389,-168853071#1,55.8,24.809523809523807
3390,3391,-168853071#2,51.2,8.916666666666666
3392,3393,-168853071#3,4.6,2.0
3394,3395,-168853071#4,201.0,0.0
3396,3397,-169739284,5.0,3.530759272809141
3398,3399,-170398274#0,5.0,49.86666666666667
3400,3401,-170398274#1,4.0,1.0714285714285714
3402,3403,-170398274#2,3.0,0.2
3404,3405,-170398274#3,1.0,0.0
3406,3407,-170425366#1,23.8,6.694444444444445
3408,3409,-170425366#2,41.8,10.142857142857146
3410,3411,-170425366#3,11.0,1.333333333333333
3412,3413,-170425366#4,25.6,1.0
3414,3415,-170425366#5,26.6,10.333333333333332
3416,3417,-170425368,12.4,2.25
3418,3419,-171006984,14.8,0.5
3420,3421,-171006990#0,9.400000000000002,5.592391304347826
3422,3423,-171006990#1,10.0,0.0
3428,3429,-171007007#1,7.800000000000001,3.0
3430,3431,-171007012#0,17.0,0.0
3432,3433,-171007012#2,8.0,0.0
3434,3435,-171007013#0,5.0,4.467056150600458
3436,3437,-171007013#1,4.0,0.2070756247971437
3438,3439,-171007013#10,3.0,1.3666666666666667
3440,3441,-171007013#11,13.8,6.250000000000001
3442,3443,-171007013#12,1.0,0.0
3444,3445,-171007013#2,3.0,0.19330289193302913
3446,3447,-171007013#3,2.0,0.15533199195171027
3448,3449,-171007013#4,21.0,3.306409130816505
3450,3451,-171007013#5,6.0,0.46081632653061205
3452,3453,-171007013#6,11.0,1.4038120567375887
3454,3455,-171007013#7,6.0,0.6048309178743961
3456,3457,-171007013#8,6.0,0.45714285714285724
3458,3459,-171007020#0,16.6,4.333333333333334
3460,3461,-171007020#1,7.0,0.0
3462,3463,-171007020#2,6.8,0.5
3466,3467,-171007032,4.0,0.0
3468,3469,-171007036#0,9.0,2.7857142857142847
3470,3471,-171007036#1,19.4,12.33333333333333
3472,3473,-171007040#0,34.0,3.666666666666668
3474,3475,-171007040#1,3.0,0.3333333333333333
3476,3477,-171007045,24.0,4.266666666666668
3484,3485,-171571099,6.8,0.5
3486,3487,-171571101#2,2.8,0.5
3488,3489,-171571142#0,65.4,57.368421052631575
3490,3491,-171571142#1,284.0,1361.9333333333336
3492,3493,-171571153,3.0,0.9217687074829933
3508,3509,-171571169,36.0,15.826086956521744
3510,3511,-171571171,384.8,1258.1470588235293
3512,3513,-171571172#2,25.0,4.696428571428571
3518,3519,-171786502#1,11.4,0.666666666666667
3520,3521,-171786505,15.0,0.0
3522,3523,-172488500#0,33.0,0.0
3526,3527,-172493318#0,10.8,0.5
3528,3529,-172493318#1,7.0,0.0
3530,3531,-172493318#2,10.8,0.5
3534,3535,-172493322,11.0,0.0
3536,3537,-172493328,18.0,0.0
3538,3539,-172497282#0,10.0,50.0
3540,3541,-172497282#1,3.0,0.0
3542,3543,-172497282#2,16.0,0.0
3544,3545,-172497282#3,2.0,0.0
3546,3547,-172497282#4,14.6,1.0
3548,3549,-172497282#5,13.0,5.672727272727274
3550,3551,-172497283,9.0,0.3333333333333333
3552,3553,-172497285,4.0,0.26785714285714285
3554,3555,-172497289,14.0,5.299999999999999
3556,3557,-172497291#0,1.0,0.0
3558,3559,-172497291#1,6.0,1.1111111111111112
3560,3561,-172497293#0,10.0,0.6545454545454547
3562,3563,-172497293#1,12.0,4.181318681318681
3564,3565,-172497293#2,3.4000000000000004,0.24999999999999997
3566,3567,-172497295#0,2.0,0.0
3568,3569,-172497295#1,6.0,0.0
3570,3571,-172499291#0,3.8000000000000007,6.476190476190477
3576,3577,-172503791,10.8,0.5
3578,3579,-172506028,2.0,0.0
3580,3581,-172516631#1,7.0,0.0
3588,3589,-172522281#1,3.6000000000000014,6.4053030303030285
3590,3591,-172522281#2,11.0,9.618181818181816
3592,3593,-172522281#3,9.2,1.3777777777777769
3594,3595,-172523713,9.6,2.0
3596,3597,-172523714#0,21.6,144.5
3606,3607,-172699112#0,3.0,0.4107142857142857
3608,3609,-172699112#1,8.0,0.0
3610,3611,-172699112#2,21.4,5.699999999999998
3618,3619,-173151861,11.6,2.3333333333333326
3622,3623,-173151868,3.8,0.5
3626,3627,-173151871#1,3.6000000000000005,0.9821428571428571
3628,3629,-173151871#2,5.4,0.6666666666666666
3630,3631,-173151871#3,8.8,0.5
3632,3633,-173151871#4,7.0,10.333333333333332
3634,3635,-173152763#0,6.0,0.9047619047619045
3636,3637,-173152763#1,18.8,2.0
3638,3639,-173152763#2,7.2,1.7999999999999996
3640,3641,-173152763#3,7.8,0.5
3642,3643,-173152765#1,4.0,0.42857142857142866
3644,3645,-173152765#2,2.0,12.835164835164834
3646,3647,-173152765#3,18.6,2.0
3648,3649,-173152768#1,4.0,0.38333333333333336
3650,3651,-173152768#2,107.0,0.0
3654,3655,-173152768#4,16.2,8.0
3656,3657,-173152776#0,5.6,0.33333333333333326
3658,3659,-173152776#1,19.6,7.0
3660,3661,-173152776#2,13.0,0.0
3662,3663,-173166289#0,30.2,8.0
3666,3667,-173166289#2,5.0,0.0
3672,3673,-173166291#2,29.0,0.0
3674,3675,-173166313,5.0,1.357142857142857
3676,3677,-173166315,2.0,0.2666666666666667
3678,3679,-173166317,5.0,4.9318181818181825
3680,3681,-173166320,5.0,1.6428571428571428
3682,3683,-173166321#0,5.0,0.6287878787878788
3684,3685,-173166321#1,4.0,0.9102564102564106
3686,3687,-173166321#2,7.600000000000001,3.8333333333333335
3688,3689,-173166321#3,4.0,0.9967320261437905
3690,3691,-173166321#4,3.0,1.2
3692,3693,-173166321#5,1.0,0.0
3694,3695,-173166321#6,53.0,28.266666666666673
3696,3697,-173166321#7,52.0,25.6
3698,3699,-173167518,4.800000000000001,2.6666666666666665
3700,3701,-173167521#0,12.4,1.6043956043956025
3702,3703,-173167521#1,15.0,2.766666666666666
3706,3707,-173167522#1,9.6,0.3333333333333335
3708,3709,-173167522#2,15.0,0.0
3710,3711,-173167523,40.0,0.0
3712,3713,-173167525#0,6.0,1.3666666666666667
3714,3715,-173167525#1,9.0,0.0
3716,3717,-173167526#0,12.0,0.30000000000000004
3718,3719,-173167526#1,4.0,1.8181818181818181
3724,3725,-173169611#1,51.0,499.2863958431743
3726,3727,-173169611#2,8.0,0.7095465739533536
3728,3729,-173169611#3,5.0,0.3227582210633058
3730,3731,-173169611#4,16.0,2.683543386933217
3732,3733,-173169611#5,4.0,0.8132992327365728
3734,3735,-173169612,5.0,0.5231372549019606
3744,3745,-173177783#1,3.0,1.3333333333333333
3748,3749,-173177790#0,11.0,1.3666666666666667
3750,3751,-173177790#1,16.2,2.7
3752,3753,-173177790#2,21.8,0.5
3754,3755,-173177791#0,2.0,0.23809523809523805
3756,3757,-173177791#1,9.4,1.6666666666666667
3758,3759,-173177791#2,2.0,0.25
3762,3763,-173177794#0,2.0,0.0
3764,3765,-173177794#2,5.0,0.29583333333333334
3766,3767,-173178641,10.6,1.0
3768,3769,-173180357#0,3.0,1.3571428571428572
3770,3771,-173180357#1,12.0,0.0
3776,3777,-173180359,19.0,12.5
3786,3787,-173180362#0,4.2,8.0
3788,3789,-173180362#1,25.0,0.0
3790,3791,-173180362#2,5.6,1.0
3794,3795,-173180363#0,4.0,0.2666666666666667
3796,3797,-173180363#1,13.0,0.0
3798,3799,-173180364#0,29.0,16.000000000000004
3800,3801,-173180365,36.8,34.2
3802,3803,-173182788,4.0,0.3
3804,3805,-173182789,16.0,0.0
3806,3807,-173182790,4.6,0.33333333333333326
3808,3809,-173182791,4.8,0.5
3810,3811,-173182792#0,5.0,0.8444444444444446
3812,3813,-173182792#1,1.8,0.5
3814,3815,-173182793,1.0,0.0
3816,3817,-173182794#0,2.0,0.3974358974358974
3818,3819,-173182794#1,10.8,0.5
3820,3821,-173182795#1,17.8,17.200000000000003
3822,3823,-173182795#2,6.0,0.3333333333333333
3824,3825,-173182797#0,2.0,0.0
3826,3827,-173182797#1,6.0,0.0
3828,3829,-173182797#2,12.0,0.0
3832,3833,-173182798#1,5.0,2.666666666666667
3834,3835,-173182798#2,3.0,0.33333333333333326
3838,3839,-173184401#1,3.8,0.5
3846,3847,-173184404#1,2.0,0.0
3848,3849,-173184404#2,4.8,0.5
3852,3853,-173186697,24.8,18.0
3854,3855,-173201770,50.2,98.0
3856,3857,-173201776,3.8,0.5
3858,3859,-173201777#0,17.0,4.024137931034481
3860,3861,-173201777#1,9.600000000000001,1.8333333333333333
3862,3863,-173201780#0,12.0,58.69642857142857
3864,3865,-173201780#1,17.40000000000001,349.25
3866,3867,-173203413#0,5.0,0.4107142857142859
3868,3869,-173203413#1,3.0,1.142857142857143
3870,3871,-173203413#2,3.0,0.5666666666666668
3872,3873,-173203413#3,2.0,0.1666666666666667
3874,3875,-173203413#4,4.2,0.8
3876,3877,-173203413#5,7.2,0.5
3878,3879,-173203413#7,4.2,0.19999999999999996
3884,3885,-173203431,4.6,1.0
3892,3893,-173658909,31.0,73.65454545454546
3894,3895,-174324279#0,16.0,5.809523809523809
3896,3897,-174324279#1,13.0,0.0
3898,3899,-174527895#1,50.0,112.5
3900,3901,-174527895#2,3.0,0.0
3902,3903,-174597970#0,2.0,0.24242424242424243
3904,3905,-174597970#1,12.0,2.1406926406926385
3906,3907,-174597970#2,8.8,0.6287878787878785
3908,3909,-174597970#3,9.0,1.2181818181818185
3910,3911,-174597970#4,3.4000000000000004,0.25000000000000006
3912,3913,-174597970#5,7.0,0.9523809523809522
3914,3915,-174597970#6,5.0,0.4181818181818183
3916,3917,-174597970#7,20.0,4.746438746438746
3918,3919,-174609517#0,6.0,0.4563620334998529
3920,3921,-174609517#1,1.0,0.24478401410520131
3922,3923,-174609517#3,1.0,0.31843718079673133
3924,3925,-174609517#4,4.0,1.0252808988764046
3926,3927,-174609519,4.800000000000001,1.7272727272727273
3928,3929,-174611972#0,13.6,2.0
3930,3931,-174611972#1,1.8,0.5
3934,3935,-174645622#0,48.0,0.0
3936,3937,-174645622#2,8.0,0.0
3938,3939,-174645622#3,39.0,30.25
3940,3941,-174645622#4,33.0,15.583333333333334
3942,3943,-174645623#0,27.8,7.3560606060606055
3944,3945,-174645625#0,15.4,7.0
3948,3949,-174645627#0,42.0,55.47727272727273
3950,3951,-174645627#1,14.0,4.166666666666666
3952,3953,-174645627#2,2.4000000000000004,0.25
3954,3955,-174645627#3,16.0,0.0
3956,3957,-174645627#4,15.0,1.6545454545454543
3958,3959,-174645627#5,13.0,1.6190476190476202
3962,3963,-175723854#0,1.0,0.0
3964,3965,-175723854#1,12.6,1.0
3970,3971,-175761127#0,15.0,6.3
3972,3973,-175761127#1,13.200000000000001,7.98214285714286
3974,3975,-175761127#11,6.800000000000001,0.4761904761904761
3976,3977,-175761127#12,13.8,3.7777777777777786
3978,3979,-175761127#13,15.8,4.0
3980,3981,-175761127#2,14.0,2.8000000000000003
3982,3983,-175761127#3,3.0,0.2291666666666665
3984,3985,-175761127#4,4.0,0.3833333333333335
3986,3987,-175761127#5,5.0,0.2197802197802199
3990,3991,-175761127#7,8.2,2.333333333333334
3992,3993,-175761127#9,5.0,0.28571428571428564
3994,3995,-175761134#0,64.0,0.0
3996,3997,-175761134#1,6.0,0.0
3998,3999,-175761134#2,10.600000000000001,0.5714285714285714
4000,4001,-175761134#3,8.8,0.9090909090909091
4002,4003,-175761134#4,11.0,0.0
4004,4005,-175761134#5,14.0,10.333333333333332
4006,4007,-175761134#6,34.0,24.333333333333332
4008,4009,-175761135,7.0,0.0
4010,4011,-175761136,12.8,0.5
4014,4015,-175761138#1,1.4000000000000004,0.25
4018,4019,-175761138#3,3.0,0.0
4022,4023,-175761138#5,9.8,0.5
4024,4025,-175761139#0,3.0,0.2666666666666666
4026,4027,-175761139#1,4.0,0.0
4028,4029,-175761142#0,2.0,0.175438596491228
4030,4031,-175761142#1,4.0,0.39766081871345027
4032,4033,-175761142#2,9.0,0.6839826839826838
4034,4035,-175761142#3,3.0,0.5833333333333331
4050,4051,-176364758,5.8,0.5
4060,4061,-176364763#0,48.400000000000006,39.0
4064,4065,-176364764#2,3.0,0.7999999999999999
4066,4067,-176364765#0,2.0,0.5666666666666667
4072,4073,-176364765#3,6.8,0.5
4076,4077,-176550268,32.8,60.5
4078,4079,-178402483,6.0,0.0
4080,4081,-178402484,14.0,0.0
4082,4083,-179330001,6.0,0.6523185916702449
4084,4085,-179330003,3.0,0.22155431515671956
4092,4093,-181223451#0,41.0,21.400000000000002
4094,4095,-181223451#1,63.0,61.45054945054945
4096,4097,-182424335,13.0,3.0
4104,4105,-182929773,5.0,0.8689655172413799
4106,4107,-183036524#1,14.0,1.5636363636363644
4108,4109,-183036524#2,4.0,0.27272727272727265
4116,4117,-18809672#1,42.0,389.779313876088
4118,4119,-18809672#2,26.0,153.33224043715845
4120,4121,-18809672#3,3.0,0.4806412583182092
4122,4123,-18809672#5,6.399999999999999,0.8646934460887948
4124,4125,-18809672#7,9.0,1.7906403940886704
4126,4127,-18809672#8,7.0,1.2384615384615387
4128,4129,-18809673#1,37.0,47.262431372549045
4130,4131,-18809673#10,3.0,0.4421082240427553
4132,4133,-18809673#11,1.0,0.19045753097477242
4134,4135,-18809673#12,2.0,0.3405357407133344
4136,4137,-18809673#13,6.0,0.9006666406767765
4138,4139,-18809673#14,3.0,0.2528841716658974
4140,4141,-18809673#15,17.0,2.775778085422756
4142,4143,-18809673#16,3.0,0.24257651895842855
4144,4145,-18809673#3,6.0,0.623539447463119
4146,4147,-18809673#4,4.0,0.3412710928875571
4148,4149,-18809673#5,2.0,0.24846493124621646
4150,4151,-18809673#6,3.0,0.8833491885035601
4152,4153,-18809673#7,3.0,0.3009799196787147
4154,4155,-18809673#8,3.0,0.4212851405622489
4156,4157,-18809673#9,3.0,0.314821165254964
4158,4159,-18813598#1,14.0,31.276799687010957
4160,4161,-18813598#2,7.0,0.4475743348982786
4162,4163,-18813598#3,3.0,0.23454616588419402
4164,4165,-18813598#4,3.0,0.24863067292644758
4166,4167,-18813598#5,3.0,0.23767605633802807
4168,4169,-18813598#6,5.0,0.3466514459665146
4170,4171,-18813598#7,11.0,1.0641441441441444
4172,4173,-18813598#8,15.0,1.900900900900902
4174,4175,-18813598#9,11.0,0.8814749780509221
4184,4185,-188627193#0,2.4000000000000004,0.6111111111111112
4186,4187,-188627193#1,18.6,2.299999999999999
4188,4189,-188627193#2,13.2,1.8000000000000007
4190,4191,-188722978#0,30.0,2.25
4192,4193,-188722978#1,31.0,50.0
4194,4195,-188740075#2,20.8,0.5
4196,4197,-188740075#3,61.6,2.0
4198,4199,-188740075#4,2.0,0.0
4200,4201,-188740075#5,9.0,0.0
4202,4203,-188740076,1.0,0.0
4204,4205,-188740078#0,3.6,2.0
4206,4207,-188740078#1,6.0,0.0
4208,4209,-188740080#1,52.0,721.8545454545454
4212,4213,-188740084#3,14.0,0.0
4214,4215,-188740084#4,2.0,0.0
4216,4217,-18909061#1,31.8,193.90151515151518
4218,4219,-18909063#1,3.0,0.28571428571428575
4220,4221,-18909063#2,5.0,5.142857142857143
4222,4223,-189226234,7.4,4.5
4224,4225,-189226235#0,11.0,0.0
4226,4227,-189226235#1,5.8,0.5
4228,4229,-189226235#2,6.0,0.7
4230,4231,-189226238,5.0,0.0
4234,4235,-189581966#1,8.0,0.0
4236,4237,-190247857,46.4,82.33333333333333
4238,4239,-190281932,17.0,3.169182389937108
4240,4241,-190281933,4.0,0.4019271598889432
4242,4243,-190281935#1,14.0,39.849635455066725
4244,4245,-190281937#1,1.0,0.1745386299655928
4246,4247,-192768909#1,55.0,810.3333333333333
4248,4249,-192768914,14.0,14.385975796155444
4250,4251,-192768918#1,6.0,0.0
4254,4255,-192768918#3,5.0,0.0
4256,4257,-192768918#4,9.4,4.5
4260,4261,-192768919#0,29.0,9.066666666666668
4262,4263,-192768919#1,3.6,0.33333333333333337
4264,4265,-192768919#2,3.0,0.33333333333333337
4266,4267,-192768919#3,1.0,0.0
4268,4269,-192768919#4,3.0,0.3300653594771243
4270,4271,-192768919#5,3.0,0.8615384615384615
4272,4273,-192768919#6,4.0,0.20467836257309927
4274,4275,-192768919#7,4.0,0.4269005847953217
4276,4277,-192768919#8,5.0,2.3591397849462368
4278,4279,-192768923,4.6,2.0
4280,4281,-192768924,3.0,0.0
4284,4285,-192768926,9.200000000000001,1.081578947368421
4296,4297,-192768976,4.0,0.0
4298,4299,-192768995#1,3.2,0.4444444444444444
4300,4301,-192769003#0,2.0,0.0
4302,4303,-192769003#1,9.0,0.0
4304,4305,-192769003#2,5.0,1.6167247386759587
4306,4307,-192769008,4.0,0.31216931216931215
4308,4309,-192769009#0,6.600000000000001,2.69281045751634
4310,4311,-192769015,3.400000000000002,0.34057971014492766
4312,4313,-192769021,3.0,0.28571428571428575
4314,4315,-192771013,80.6,49.5
4316,4317,-192771014#0,5.0,0.0
4318,4319,-192771014#1,3.0,0.0
4332,4333,-192994893,6.0,0.0
4336,4337,-192994902#0,2.200000000000003,0.16551724137931043
4338,4339,-192994902#1,5.0,0.42142857142857126
4340,4341,-192994902#2,8.0,0.9039682539682539
4342,4343,-192994904,24.6,24.5
4344,4345,-192994905,30.0,0.0
4352,4353,-192994907#0,3.0,0.2783251231527094
4354,4355,-192994907#1,8.0,0.9417989417989422
4356,4357,-192994907#2,14.0,1.7999999999999994
4358,4359,-192994907#3,10.2,0.6777777777777776
4360,4361,-192994907#4,3.0,0.23333333333333334
4362,4363,-192994908#0,19.2,4.322222222222222
4364,4365,-192994908#1,8.4,1.87719298245614
4368,4369,-193026072,16.8,0.5
4370,4371,-193382571,2.8000000000000007,0.17641129032258068
4372,4373,-193382573#0,14.0,1.3611111111111118
4374,4375,-193382573#1,6.0,0.7646464646464647
4376,4377,-193384412#0,27.0,19.118577075098806
4378,4379,-193384412#1,18.4,10.3
4382,4383,-193384418,36.2,21.565789473684198
4384,4385,-193385060#0,19.8,18.0
4386,4387,-193385060#2,9.0,0.0
4388,4389,-193386905,4.2,1.2999999999999998
4402,4403,-193806654,28.0,7.09525983058847
4404,4405,-193806656#0,44.2,44.25
4406,4407,-193838916,13.6,2.0
4408,4409,-193838917#0,3.0,0.0
4410,4411,-193838917#1,3.0,0.33333333333333337
4412,4413,-193838918#0,1.0,0.0
4416,4417,-193838918#2,4.0,0.3
4418,4419,-194116091,12.0,2.266666666666666
4420,4421,-194116093,2.2,0.7
4422,4423,-194116097,13.0,0.0
4424,4425,-194116099,7.0,0.7111111111111114
4426,4427,-194116101,4.8,0.5
4428,4429,-194116103,12.200000000000001,14.785714285714286
4430,4431,-194116105,13.6,0.33333333333333304
4432,4433,-194116108,13.600000000000001,2.125
4434,4435,-194116110,10.0,0.0
4436,4437,-194116112,7.0,1.9999999999999998
4438,4439,-194116114,13.0,0.0
4440,4441,-194116116,11.0,3.066666666666666
4442,4443,-194116118,10.4,2.9166666666666665
4444,4445,-194116121#0,7.2,1.3333333333333335
4446,4447,-194116121#1,3.0,1.4761904761904763
4448,4449,-194116124#0,4.0,1.2121212121212117
4450,4451,-194116124#1,3.8000000000000007,0.6287878787878788
4452,4453,-194116124#2,3.2,0.2
4454,4455,-194116124#3,2.8000000000000007,1.0
4456,4457,-194116124#4,2.0,0.3
4458,4459,-194116141#0,79.60000000000001,102.95238095238096
4460,4461,-194116141#1,2.0,0.0
4462,4463,-194116146,67.0,83.5
4466,4467,-194119647,8.0,1.267857142857143
4468,4469,-194119649,18.4,4.916666666666667
4470,4471,-194119651,2.0,0.7272727272727274
4472,4473,-194119652,21.0,5.666666666666666
4474,4475,-194119654#0,3.4000000000000004,4.5
4476,4477,-194119654#1,6.0,0.3333333333333333
4478,4479,-194119654#2,16.6,4.333333333333334
4482,4483,-194134001#0,12.4,14.0
4484,4485,-194134001#2,4.0,0.0
4486,4487,-194134004#0,10.0,2.439560439560439
4488,4489,-194134004#1,10.600000000000001,9.5
4490,4491,-194377108#1,15.0,2.1245389894337143
4492,4493,-194377108#1.168,5.0,0.5184463014546575
4494,4495,-195073412#0,2.0,0.3472821471037881
4496,4497,-195073412#1,4.0,0.30357239041236933
4498,4499,-195073416,11.0,1.0143990596532477
4500,4501,-195966643#0,1.0,0.0
4502,4503,-195966643#1,1.0,0.0
4504,4505,-195966645#1,3.4000000000000004,5.333333333333334
4506,4507,-195966645#3,4.4,0.24999999999999992
4508,4509,-195966645#4,8.0,1.3333333333333335
4512,4513,-195966646#1,3.6,0.33333333333333337
4514,4515,-195966646#2,2.2,0.5
4516,4517,-195966647#0,9.4,0.25
4518,4519,-195966647#1,5.0,0.3
4520,4521,-195966647#2,6.2,8.266666666666667
4522,4523,-195966647#3,4.800000000000001,8.142857142857144
4526,4527,-195966648#2,4.0,0.4727272727272728
4528,4529,-195966649#0,14.8,4.649122807017545
4530,4531,-195966649#1,11.0,2.229885057471266
4532,4533,-195966649#2,19.6,8.848283499446291
4534,4535,-195977239,11.0,0.6666666666666661
4536,4537,-195982603,22.0,0.0
4540,4541,-196172701,35.2,14.31428571428572
4542,4543,-196172703,7.4,2.9166666666666665
4544,4545,-196176498#1,11.0,0.0
4546,4547,-196873454,1.0,0.16363636363636364
4550,4551,-198836595,11.6,2.333333333333334
4552,4553,-198836596,10.0,0.0
4554,4555,-198836597,12.8,18.0
4556,4557,-198836601,9.0,0.0
4558,4559,-198836602,5.0,0.0
4560,4561,-198836603,11.200000000000001,15.5
4566,4567,-198836609#1,7.6,0.33333333333333326
4570,4571,-198836611#0,1.0,0.0
4572,4573,-198836611#1,8.0,0.3333333333333333
4574,4575,-198836613#0,13.0,0.0
4576,4577,-198836613#1,24.2,8.0
4578,4579,-198836614#1,3.0,1.1
4580,4581,-198836614#2,2.6,0.33333333333333337
4582,4583,-198836614#3,8.6,1.0
4584,4585,-198836615#1,4.800000000000001,5.476190476190475
4586,4587,-198836615#2,13.0,0.0
4590,4591,-199227645#0,5.4,2.3
4592,4593,-199227645#1,3.8,0.5
4594,4595,-199227645#2,1.8,0.5
4596,4597,-199797244,2.0,0.3333333333333333
4598,4599,-199797251#0,10.0,0.0
4600,4601,-199797251#1,1.0,0.0
4604,4605,-200658487#1,3.0,0.0
4606,4607,-200658487#2,3.0,0.0
4608,4609,-200658487#3,3.0,0.0
4610,4611,-200658487#4,3.0,0.0
4612,4613,-200658487#5,3.0,0.0
4614,4615,-200658487#6,4.0,0.33333333333333337
4616,4617,-200658487#7,9.0,0.33333333333333304
4618,4619,-200741048,2.0,0.2545454545454546
4620,4621,-200741145#0,2.4000000000000004,0.25000000000000006
4622,4623,-200741145#2,10.0,37.0
4624,4625,-200741145#3,4.0,0.0
4626,4627,-200741145#4,4.0,0.0
4628,4629,-200741145#5,4.0,0.0
4630,4631,-200741145#6,4.0,0.23809523809523803
4632,4633,-200741145#7,4.0,0.23809523809523805
4634,4635,-200741145#8,3.0,0.6111111111111112
4636,4637,-200741145#9,5.400000000000001,21.15555555555556
4638,4639,-200741156,22.200000000000006,240.75000000000003
4642,4643,-200741159,15.600000000000001,3.2
4644,4645,-200741161,4.0,109.86666666666667
4646,4647,-200741163,3.0,0.0
4652,4653,-200741170#0,8.8,3.0
4654,4655,-200741170#1,7.800000000000001,0.6666666666666666
4660,4661,-200741177#0,6.0,0.0
4666,4667,-200741178,10.0,2.7
4668,4669,-200741179#0,8.0,0.0
4670,4671,-200741179#1,1.0,0.0
4674,4675,-200741183#0,7.0,11.058823529411761
4676,4677,-200741183#1,3.0,0.4888888888888887
4678,4679,-200741183#2,4.0,0.3
4680,4681,-200741183#3,4.0,1.8
4682,4683,-200741183#4,2.0,0.4
4686,4687,-200741188,2.8000000000000007,63.33333333333334
4688,4689,-200742227#0,14.600000000000001,1.410714285714286
4690,4691,-200742227#1,4.0,0.125
4692,4693,-200742227#10,5.0,1.333333333333333
4694,4695,-200742227#11,1.6,0.3333333333333333
4696,4697,-200742227#12,4.0,0.25
4698,4699,-200742227#13,4.0,0.33333333333333326
4700,4701,-200742227#14,7.4,0.6666666666666665
4702,4703,-200742227#15,6.0,0.3333333333333335
4704,4705,-200742227#16,3.0,0.3333333333333333
4706,4707,-200742227#17,1.4000000000000004,0.25
4708,4709,-200742227#18,10.0,6.916666666666665
4710,4711,-200742227#2,4.0,0.26785714285714285
4712,4713,-200742227#28,5.0,0.0
4714,4715,-200742227#29,4.0,0.0
4716,4717,-200742227#3,3.0,0.0
4718,4719,-200742227#30,3.0,0.0
4720,4721,-200742227#31,5.0,0.0
4722,4723,-200742227#32,31.0,0.0
4724,4725,-200742227#4,7.0,0.47272727272727283
4726,4727,-200742227#5,2.0,0.2
4728,4729,-200742227#6,7.0,0.6291666666666668
4730,4731,-200742227#7,3.0,0.0
4732,4733,-200742227#8,9.0,0.25
4734,4735,-200742227#9,3.0,0.33333333333333337
4742,4743,-200743816#3,4.0,0.33333333333333326
4752,4753,-200743817#0,5.0,0.25
4754,4755,-200743817#1,3.0,0.0
4756,4757,-200743817#2,2.0,0.33333333333333337
4758,4759,-200743817#3,2.0,0.0
4766,4767,-200743817#7,1.0,0.0
4770,4771,-200743818#0,7.0,0.0
4774,4775,-200743818#2,2.0,0.0
4778,4779,-200743818#4,7.0,0.0
4780,4781,-200743818#5,3.6,0.33333333333333337
4782,4783,-200743818#6,3.4000000000000004,0.24999999999999997
4784,4785,-200743818#7,3.0,1.1111111111111112
4786,4787,-200743818#8,4.0,0.4107142857142857
4788,4789,-200743818#9,4.0,0.4999999999999999
4796,4797,-200743822,6.0,0.33333333333333326
4798,4799,-200743823,8.2,1.3333333333333335
4808,4809,-200743828,5.8,0.5
4812,4813,-200743830,28.8,57.285714285714285
4814,4815,-200743831,7.0,0.0
4818,4819,-200743833,6.0,0.0
4820,4821,-200743834,7.0,0.0
4822,4823,-200743835,6.2,3.5
4824,4825,-200743836,4.0,0.0
4834,4835,-200743841#0,10.0,0.0
4836,4837,-200743841#1,3.2,1.2
4838,4839,-200743841#2,2.2,0.20000000000000004
4840,4841,-200743843#0,3.2,2.3333333333333335
4842,4843,-200743843#1,1.0,0.0
4846,4847,-200743844#0,6.0,0.9183006535947712
4848,4849,-200743844#1,30.0,4.916666666666667
4850,4851,-200908887,8.0,0.6956521739130435
4852,4853,-200908888#1,10.400000000000006,35.5889328063241
4858,4859,-200908901#2,55.0,43.0
4860,4861,-200908907,7.6,1.0
4878,4879,-200908917,21.0,0.0
4880,4881,-200912350#2,74.60000000000001,1810.3333333333333
4882,4883,-200927707,3.0,0.0
4884,4885,-200949176#0,6.0,0.9553435649462143
4886,4887,-200949406,7.800000000000002,8.785714285714286
4890,4891,-200949408#0,17.0,0.0
4894,4895,-200949414#1,47.0,358.33333333333337
4898,4899,-200949419,16.8,1.5714285714285696
4900,4901,-200949421#0,1.0,0.0
4902,4903,-200949421#1,7.6,1.0
4908,4909,-200949428#1,11.6,1.0
4910,4911,-200949433,1.0,0.0
4912,4913,-201078447#0,11.6,2.0
4914,4915,-201078447#2,7.8,0.5
4916,4917,-201078448#0,3.2,0.5444444444444445
4918,4919,-201078448#1,5.0,0.2666666666666667
4922,4923,-201089420#0,2.0,0.1863612083803192
4924,4925,-201089420#1,6.0,0.47864210893648196
4926,4927,-201089423#1,26.0,166.75186137392032
4928,4929,-201089423#2,5.0,22.668764651688882
4934,4935,-201201935#1,3.6000000000000005,0.5714285714285714
4936,4937,-201201935#2,3.6000000000000005,0.21428571428571422
4938,4939,-201201935#3,2.0,0.12500000000000008
4940,4941,-201201935#4,4.0,0.26785714285714274
4942,4943,-201201935#5,3.0,0.2678571428571429
4944,4945,-201201935#6,6.0,0.41071428571428564
4946,4947,-201201935#7,6.6000000000000005,0.7857142857142857
4950,4951,-201201936#10,3.8,0.5
4952,4953,-201201936#11,4.800000000000001,0.4761904761904763
4954,4955,-201201936#12,5.0,0.28571428571428564
4970,4971,-201201936#9,3.8,0.5
4972,4973,-201201940#0,14.0,2.5621951219512193
4974,4975,-201201940#3,13.0,2.1195121951219513
4976,4977,-201201945#1,8.0,694.5314490500945
4978,4979,-201201945#1.91,79.0,1527.8839601563957
4980,4981,-201201945#10,3.0,3.484234234234236
4982,4983,-201201945#11,12.0,8.431301637876398
4984,4985,-201201945#2,2.0,6.45374081573353
4986,4987,-201201945#3,11.0,90.24300328121979
4988,4989,-201201945#4,3.0,0.3782345394755271
4990,4991,-201201945#5,4.0,0.4044217744239593
4992,4993,-201201945#7,6.0,0.4319265331321173
4994,4995,-201201945#8,6.0,1.527312845840765
4996,4997,-201201945#9,7.0,12.2273711316713
4998,4999,-201238718#0,18.0,3.2196793808734094
5000,5001,-201238718#1,10.0,4.729496402877698
5002,5003,-201238724#0,20.8,5.696428571428571
5004,5005,-201238724#1,13.600000000000001,2.285714285714285
5006,5007,-201238725#1,25.0,67.50777080062792
5008,5009,-201238725#2,5.0,0.2774463631606487
5010,5011,-201238725#3,7.0,0.7752084118805243
5012,5013,-201238725#4,1.0,0.2405084186200066
5014,5015,-201238725#5,7.0,0.3137999339716077
5016,5017,-201238726#0,6.0,3.151319563970167
5018,5019,-201238726#1,12.200000000000003,40.080672268907556
5022,5023,-201243226#1,17.0,67.77465478841869
5024,5025,-201243226#2,27.0,207.54177935093853
5026,5027,-201243230#1,23.0,68.29868031529763
5028,5029,-201278209#0,3.0,0.5682539682539681
5030,5031,-201278209#2,5.0,0.35897435897435903
5032,5033,-201278210#0,4.0,0.24999999999999997
5034,5035,-201278210#1,5.600000000000001,0.30769230769230776
5036,5037,-201278210#10,6.0,0.5460552503781543
5038,5039,-201278210#2,9.200000000000001,1.380952380952381
5040,5041,-201278210#3,4.0,0.31428571428571433
5042,5043,-201278210#4,5.0,0.3142857142857142
5044,5045,-201278210#5,19.0,3.6380952380952385
5046,5047,-201278210#6,4.0,0.3088235294117651
5048,5049,-201278210#7,9.0,0.9044117647058827
5050,5051,-201278210#8,3.0,0.8870312873178885
5052,5053,-201278210#9,1.0,0.150067669771515
5054,5055,-201278214#0,5.0,1.4642350070990067
5056,5057,-201286890#0,25.0,10.166666666666663
5058,5059,-201286890#1,5.0,0.5000000000000002
5060,5061,-201286890#10,11.0,1.1868131868131864
5062,5063,-201286890#11,3.0,0.2472527472527472
5064,5065,-201286890#12,3.0,0.07142857142857141
5066,5067,-201286890#3,16.0,2.777777777777778
5068,5069,-201286890#4,12.0,2.6181818181818164
5070,5071,-201286890#5,23.0,5.563636363636365
5072,5073,-201286890#6,11.0,0.8545454545454539
5074,5075,-201286890#7,15.0,2.75
5076,5077,-201286890#8,9.0,1.3560606060606062
5078,5079,-201286890#9,13.0,1.9395604395604396
5080,5081,-201286892#0,3.0,0.8095238095238096
5082,5083,-201286892#1,18.0,0.916666666666667
5084,5085,-201400751#0,26.0,7.333333333333331
5086,5087,-201400755#0,2.0,0.26086956521739135
5088,5089,-201400755#1,3.0,0.26086956521739135
5090,5091,-201400755#2,5.0,0.33201581027667953
5092,5093,-201400763#0,12.0,0.8333333333333334
5094,5095,-201400763#1,4.0,0.0
5096,5097,-201400763#2,2.0,0.0
5098,5099,-201400763#3,9.0,2.3333333333333335
5100,5101,-201400763#4,7.0,0.30000000000000016
5102,5103,-201414945#0,3.0,0.40579710144927544
5104,5105,-201414945#1,4.0,0.23188405797101444
5106,5107,-201414945#2,6.0,0.6014492753623188
5108,5109,-201444272#0,3.0,0.4792669381710478
5110,5111,-201444272#1,5.0,0.36231884057971026
5112,5113,-201444272#2,5.0,0.5375106564364875
5114,5115,-201444272#3,7.200000000000003,1.383850931677019
5116,5117,-201775636,12.4,1.4999999999999996
5118,5119,-201775637,7.0,0.0
5126,5127,-201775641#0,9.6,2.0
5128,5129,-201775641#1,8.0,1.3333333333333333
5130,5131,-201775642#1,4.0,0.0
5136,5137,-201789794#1,100.0,1882.0031787638602
5138,5139,-201789794#2,100.0,1773.3438805340463
5140,5141,-201789794#3,99.0,1722.3946684451203
5142,5143,-201789796,5.0,0.3688045279714813
5144,5145,-201789797#0,24.0,112.5
5146,5147,-201789797#1,9.8,0.5
5148,5149,-201789798#0,2.0,0.17644663894663887
5150,5151,-201789798#1,4.0,0.28705201809324976
5152,5153,-201789799#0,2.0,0.37497015926426985
5154,5155,-201789799#1,6.0,0.46452689971208505
5156,5157,-201789799#2,5.0,0.9009783083857152
5158,5159,-201828014#0,2.0,0.25714285714285706
5160,5161,-201828014#1,1.0,0.2540322580645161
5162,5163,-201828014#2,6.0,0.6441532258064516
5164,5165,-201828014#3,8.0,1.2086693548387097
5166,5167,-201828014#4,7.200000000000003,1.0285714285714285
5168,5169,-201880159#0,6.0,0.5035650623885917
5170,5171,-201880159#1,7.0,0.5730949951500954
5172,5173,-201880159#2,2.0,2.4625266114911257
5174,5175,-201880159#3,6.0,2.270791325069688
5176,5177,-201894096#0,2.0,0.4605426094787794
5178,5179,-201894096#1,4.0,0.5098707403055229
5180,5181,-201894096#2,1.0,0.24287365177195683
5182,5183,-201894096#3,4.0,1.441707717569787
5184,5185,-201894096#4,9.0,2.275465566804149
5186,5187,-201894096#5,4.800000000000011,1.0274965629296338
5188,5189,-201894096#7,11.0,1.4529391777098197
5190,5191,-201894096#8,15.0,2.09742201965532
5192,5193,-201894099,13.0,0.0
5194,5195,-201894100#0,1.0,0.0
5198,5199,-201894100#2,1.8,0.5
5200,5201,-201894102,3.0,0.5444444444444446
5202,5203,-201926265#0,16.0,3.0282258064516125
5204,5205,-201926265#1,3.0,0.413204581181226
5206,5207,-201926265#2,8.0,0.8366619535760575
5208,5209,-201926265#4,8.0,1.1131907308377897
5210,5211,-201926265#5,7.0,0.6636636636636634
5212,5213,-201926265#6,2.0,0.29089615931721186
5214,5215,-201926267#1,52.0,441.32513562770197
5216,5217,-201926267#3,2.0,0.2736288887005168
5218,5219,-201926268#1,15.800000000000011,57.29568708980474
5220,5221,-201926269#0,6.0,0.9074592074592077
5222,5223,-201926269#2,22.200000000000003,60.40269151138718
5228,5229,-201931241#0,26.0,8.333333333333336
5234,5235,-201931241#3,14.0,0.0
5236,5237,-201933877#0,3.0,1.1170483460559795
5238,5239,-201933877#1,5.0,0.6375492125984252
5240,5241,-201933877#2,4.0,0.4139354838709678
5242,5243,-201933877#3,3.0,0.224042159236576
5244,5245,-201933878#0,4.0,0.26666666666666655
5246,5247,-201933878#1,3.0,0.23529411764705874
5248,5249,-201933878#2,19.8,3.142857142857143
5250,5251,-201933878#3,10.6,1.0
5252,5253,-201933879#0,9.600000000000001,7.521739130434782
5254,5255,-201933879#1,11.0,2.421052631578948
5256,5257,-201933879#2,14.0,2.2578397212543546
5258,5259,-201933879#3,5.0,0.6945412311265972
5260,5261,-201933879#4,6.0,0.5330216247808303
5262,5263,-201933879#5,7.0,0.6433104177683766
5264,5265,-201933879#6,4.0,0.44863915715539954
5266,5267,-201933880#0,7.0,1.1910457963089542
5268,5269,-201933880#1,4.0,0.4975541579315163
5270,5271,-201933880#2,6.800000000000004,0.5633672525439408
5272,5273,-201933880#3,20.4,2.2
5274,5275,-201933881#0,13.0,1.1393527107812824
5276,5277,-201933881#1,5.0,0.3923969072164946
5278,5279,-201933881#2,8.0,0.5074046649389113
5280,5281,-201933881#4,8.0,1.1213250517598352
5282,5283,-201933881#5,3.0,0.3048394391677974
5284,5285,-201933881#6,7.0,0.6436953807740328
5286,5287,-201933881#7,6.0,0.6294790725685034
5288,5289,-201950247#0,6.4,0.6666666666666665
5290,5291,-201950247#1,11.0,0.3333333333333333
5292,5293,-201950247#3,6.2,2.333333333333333
5294,5295,-201950247#4,5.2,0.2
5296,5297,-201950247#5,5.2,0.2
5298,5299,-201950247#6,4.0,0.29999999999999993
5300,5301,-201950247#7,10.8,1.5833333333333328
5302,5303,-201950247#9,16.6,11.809523809523812
5310,5311,-201950259#0,9.2,8.0
5312,5313,-201950259#2,2.0,0.0
5314,5315,-201950259#3,12.0,0.0
5316,5317,-201950259#5,6.8,0.5
5318,5319,-201950259#6,9.0,0.0
5320,5321,-201950263#0,2.0,0.21000000000000008
5322,5323,-201950263#1,2.0,0.6433333333333332
5324,5325,-201950263#10,5.0,0.73202614379085
5326,5327,-201950263#11,4.0,0.22222222222222227
5328,5329,-201950263#12,2.0,0.05555555555555554
5330,5331,-201950263#13,3.6000000000000014,0.2647058823529412
5332,5333,-201950263#14,12.0,0.5906432748538015
5334,5335,-201950263#2,4.0,0.35573122529644274
5336,5337,-201950263#3,3.0,0.7154150197628458
5338,5339,-201950263#4,3.0,0.8904761904761905
5340,5341,-201950263#5,2.0,0.14705882352941177
5342,5343,-201950263#6,3.0,0.26470588235294107
5344,5345,-201950263#7,3.0,0.65359477124183
5346,5347,-201950263#9,2.0,0.173202614379085
5348,5349,-201953160#0,9.0,1.2010869565217395
5350,5351,-201953160#1,8.0,0.73731884057971
5352,5353,-201953160#3,7.0,0.6153846153846153
5354,5355,-201953161#0,3.0,0.3742364746945897
5356,5357,-201953161#2,6.0,0.4775420225957565
5358,5359,-201953161#4,4.0,0.20832185174979315
5360,5361,-201953161#5,6.0,0.4820844240837698
5362,5363,-201953161#7,8.0,0.5983376511226252
5364,5365,-201953161#8,3.0,0.2720746977547493
5366,5367,-201953163#0,9.0,0.765904599113295
5368,5369,-201953163#2,8.0,0.6949415095347469
5370,5371,-201953163#3,5.0,0.3496667267159072
5372,5373,-201953163#4,2.0,0.18921515642827128
5374,5375,-201956812,12.2,1.3444444444444448
5376,5377,-201956813#0,10.2,1.2111111111111112
5378,5379,-201956813#1,4.0,0.3222222222222222
5380,5381,-201956813#2,7.2,0.7666666666666664
5382,5383,-201956816#0,4.0,0.27886867231129514
5384,5385,-201956816#1,1.0,0.1524650213174803
5386,5387,-201956816#2,4.0,0.2604881306538767
5388,5389,-201956816#3,7.0,0.4890116635972985
5390,5391,-201956816#4,3.0,0.17618170656844692
5392,5393,-201956816#5,6.0,0.43812154696132616
5394,5395,-201956816#6,4.0,0.45303867403314935
5396,5397,-201963522#0,6.0,0.380952380952381
5398,5399,-201963522#1,8.0,1.7291666666666663
5400,5401,-201963522#2,8.0,1.85
5402,5403,-201963522#3,8.0,1.8823529411764701
5404,5405,-201963522#4,7.800000000000001,1.3602941176470589
5406,5407,-201963522#5,5.0,2.1166666666666667
5408,5409,-201963522#6,3.0,0.28571428571428586
5410,5411,-201963522#7,3.0,0.32916666666666666
5412,5413,-201963522#9,11.0,3.733333333333334
5414,5415,-201963533#1,19.0,6.2904738799935265
5416,5417,-201963533#1.188,22.600000000000023,95.50748186865168
5418,5419,-201963533#4,35.80000000000001,564.7127235596818
5420,5421,-201963533#5,7.800000000000011,169.46020007916812
5422,5423,-201963533#6,2.0,2.296016409370615
5424,5425,-202070429#0,2.0,42.31526306359416
5426,5427,-202070429#1,5.0,48.46692910091988
5428,5429,-202070429#11,49.0,255.1683776138353
5430,5431,-202070429#12,3.0,6.92292008433061
5432,5433,-202070429#12.49,8.0,1.5821342925659447
5434,5435,-202070429#13,4.0,8.100615034832552
5436,5437,-202070429#2,4.0,0.35838738285688043
5438,5439,-202070429#4,3.0,0.2886068509611891
5440,5441,-202070429#5,9.0,1.172814876434604
5442,5443,-202070429#8,28.0,117.96681821771794
5444,5445,-202070435#1,3.0,0.7047277692438989
5446,5447,-202070435#10,3.0,0.2405770411295274
5448,5449,-202070435#11,14.0,1.5622752953261418
5450,5451,-202070435#12,9.0,0.8804398471717454
5452,5453,-202070435#13,5.0,0.33114378062767186
5454,5455,-202070435#14,10.0,0.5458966565349544
5456,5457,-202070435#2,9.0,0.9247384232880967
5458,5459,-202070435#3,1.0,0.17145122918318806
5460,5461,-202070435#4,12.0,1.2525047844196775
5462,5463,-202070435#5,7.0,0.5567375886524822
5464,5465,-202070435#6,2.0,0.23391812865497072
5466,5467,-202070435#7,1.0,0.21609579504316356
5468,5469,-202070435#8,6.0,0.4889114038050205
5470,5471,-202070435#9,4.0,0.3946864797928627
5472,5473,-202071401#1,62.0,688.4225641025638
5474,5475,-202089409,7.0,0.8379249528674809
5476,5477,-202089410#0,2.0,0.25
5478,5479,-202089410#1,1.0,0.3333333333333333
5480,5481,-202092675,1.0,0.14822742474916392
5482,5483,-202164592,4.0,0.0
5484,5485,-202167797#0,8.4,1.5
5488,5489,-202167798,50.8,0.5
5490,5491,-202167799#1,26.8,18.0
5496,5497,-202167978,5.4,0.2514619883040936
5502,5503,-202588111,20.0,0.0
5504,5505,-202588112#0,12.0,3.563636363636364
5506,5507,-202588112#1,14.0,2.566666666666666
5510,5511,-20266187#0,10.0,1.6043956043956042
5512,5513,-20266187#1,10.0,0.5523809523809529
5514,5515,-20266187#2,34.2,8.0
5518,5519,-20266189#0,11.0,1.1073909830007396
5520,5521,-20266189#1,14.0,2.237057320189852
5522,5523,-20266190#1,30.0,159.9212455221824
5524,5525,-20266190#2,13.0,1.498705392322414
5532,5533,-20266194#2,12.0,0.0
5534,5535,-20266194#3,10.4,4.5
5536,5537,-20266194#4,7.6,0.3333333333333335
5538,5539,-20266195#0,6.0,0.46599597585513086
5540,5541,-20266195#1,7.0,0.4997987927565392
5542,5543,-20266195#2,4.0,0.31388329979879276
5544,5545,-20266195#3,2.0,0.2696177062374246
5546,5547,-20266195#4,8.0,0.7850961538461537
5548,5549,-20266196#0,14.2,1.7
5550,5551,-20266196#1,7.6,0.33333333333333326
5554,5555,-202857378,5.0,25.485207403989126
5556,5557,-202952227,5.2,1.333333333333333
5558,5559,-202952229,6.4,1.7500000000000009
5562,5563,-202952234#1,14.000000000000005,102.49523809523808
5564,5565,-202952237,6.0,0.3333333333333335
5566,5567,-202952239,17.2,2.3000000000000003
5568,5569,-202952240,18.0,5.899999999999999
5570,5571,-202952242#0,3.0,0.0
5572,5573,-202952242#1,15.4,2.3000000000000003
5574,5575,-202952242#2,4.800000000000001,0.9047619047619048
5578,5579,-202956898#1,5.0,0.0
5584,5585,-203033961,6.0,0.0
5586,5587,-203033964,8.2,2.7
5588,5589,-203033966,7.0,0.0
5590,5591,-203033967,8.0,0.0
5592,5593,-203033975,4.0,0.0
5598,5599,-203033982#0,6.8,0.5
5600,5601,-203033982#1,7.4,1.6666666666666667
5602,5603,-203033983,26.0,36.33333333333333
5604,5605,-203033987#0,13.0,0.0
5606,5607,-203033987#1,5.0,0.0
5608,5609,-203033987#2,16.0,1.7666666666666668
5610,5611,-203127018,20.0,31.08133824432167
5612,5613,-203127020#0,50.0,926.5836843596364
5614,5615,-203127020#1,62.0,1199.7599285268466
5616,5617,-203127020#2,83.0,3450.9885130918924
5618,5619,-203127020#3,12.0,224.13576175869116
5620,5621,-203127020#4,5.0,0.5107855678683167
5622,5623,-203127039,5.600000000000001,0.641025641025641
5624,5625,-203127050,3.0,57.0865780081394
5626,5627,-203127052,7.0,115.7988054249895
5628,5629,-203127053#0,5.2,1.3333333333333335
5630,5631,-203127053#1,2.4000000000000004,0.6944444444444444
5632,5633,-203127053#2,6.0,1.5714285714285712
5634,5635,-203132183,5.0,1.222113022113022
5636,5637,-203132184#0,3.0,74.49941927990707
5638,5639,-203132184#1,14.0,2.365272938443671
5640,5641,-203132184#2,11.0,2.0796578454958556
5642,5643,-203132184#3,12.0,1.4561797752808991
5644,5645,-203132184#4,7.0,0.7687529067836023
5646,5647,-203132184#5,7.0,0.8978583564338725
5648,5649,-203132184#7,12.0,1.4870445344129564
5650,5651,-203133164,7.4,2.3000000000000007
5652,5653,-203133165#1,2.0,0.0
5656,5657,-203139698,5.0,0.0
5658,5659,-203139699,5.8,0.5
5660,5661,-203139701,8.0,0.0
5662,5663,-203139702,15.0,1.333333333333334
5664,5665,-203139703,10.0,0.0
5666,5667,-203139704,7.4,4.5
5672,5673,-203139709#1,40.8,60.5
5678,5679,-20314044#0,14.0,0.0
5680,5681,-20314044#1,5.8,0.5
5682,5683,-20314044#2,24.0,0.0
5684,5685,-203227506,27.4,5.333333333333332
5688,5689,-203253180,7.0,0.9166666666666669
5690,5691,-203253182,17.0,0.0
5692,5693,-203253183,18.0,1.333333333333334
5694,5695,-203575316,19.0,0.0
5696,5697,-203621102,3.0,0.0
5702,5703,-203621191#2,10.8,0.5
5704,5705,-203912072,11.0,0.0
5706,5707,-203912074,7.0,0.0
5710,5711,-203912080#0,7.0,0.8
5712,5713,-203912080#1,5.4,0.25
5714,5715,-203912081,10.0,1.333333333333333
5716,5717,-203925326#1,10.0,1.5636363636363637
5718,5719,-203925327,7.600000000000001,1.2692307692307694
5720,5721,-203925328#1,6.0,1.2380952380952381
5722,5723,-203971377#0,12.0,1.9537282640730917
5724,5725,-203971377#1,7.0,0.6252578838785731
5726,5727,-203971378#0,8.0,0.0
5728,5729,-203971380,4.0,0.3556786373652554
5730,5731,-203976003#0,5.0,0.352216748768473
5732,5733,-203976003#1,12.0,1.493333333333333
5734,5735,-203976003#10,12.0,1.639705882352942
5736,5737,-203976003#11,17.8,3.367647058823528
5738,5739,-203976003#12,21.400000000000002,4.892105263157894
5740,5741,-203976003#13,5.200000000000001,0.7657894736842105
5742,5743,-203976003#14,2.0,0.0
5744,5745,-203976003#2,9.0,0.8735177865612648
5746,5747,-203976003#3,5.800000000000001,0.25108225108225113
5748,5749,-203976003#4,12.0,2.461904761904762
5750,5751,-203976003#5,6.0,0.3263157894736842
5752,5753,-203976003#6,9.0,0.9973684210526321
5754,5755,-203976003#7,16.4,3.175438596491229
5756,5757,-203976003#8,13.4,1.5438596491228076
5758,5759,-203976003#9,6.0,0.5661764705882352
5762,5763,-203984394,11.2,1.333333333333333
5764,5765,-203986892,5.0,1.6969696969696975
5768,5769,-203986896,2.0,0.49090909090909085
5770,5771,-204005176,9.0,0.0
5774,5775,-20405617#0,12.0,27.155555555555555
5776,5777,-20405617#1,15.0,2.25
5778,5779,-20405617#3,15.0,10.333333333333332
5780,5781,-20405617#4,9.0,10.333333333333334
5782,5783,-20405618#0,13.0,0.0
5784,5785,-20405618#1,10.6,1.0
5790,5791,-20405621#0,8.0,0.6222222222222226
5792,5793,-20405621#1,13.2,1.6999999999999997
5794,5795,-20405621#2,9.6,2.0
5796,5797,-20405621#3,22.8,18.0
5800,5801,-20405623#0,16.0,14.963636363636363
5802,5803,-20405623#2,17.0,2.2857142857142856
5804,5805,-20405623#3,13.2,0.5000000000000001
5806,5807,-20405623#4,4.0,0.0
5808,5809,-20405623#5,5.0,0.0
5810,5811,-20405623#6,4.0,0.0
5812,5813,-20405623#7,6.0,0.0
5814,5815,-20405624#0,9.0,0.5535714285714289
5816,5817,-20405624#1,12.0,3.357142857142857
5818,5819,-20405624#10,17.0,1.3333333333333321
5820,5821,-20405624#2,8.0,1.1
5824,5825,-20405624#4,6.0,0.3333333333333335
5826,5827,-20405624#5,2.200000000000001,2.25
5828,5829,-20405624#6,2.0,0.0
5830,5831,-20405624#7,5.0,0.3333333333333335
5832,5833,-20405624#8,9.4,0.25000000000000017
5834,5835,-20405624#9,9.6,2.0
5836,5837,-20405626#0,14.2,8.0
5838,5839,-20405626#1,6.0,0.28571428571428564
5840,5841,-20405626#2,8.4,0.25
5842,5843,-20405626#3,5.6,2.0
5846,5847,-20405627,12.0,1.3560606060606064
5848,5849,-20405628#0,22.200000000000003,20.06666666666666
5850,5851,-20405628#1,10.0,1.1515151515151514
5852,5853,-20405628#2,4.0,0.6060606060606061
5854,5855,-20405628#3,20.8,2.515151515151516
5856,5857,-20405628#4,16.8,1.3636363636363629
5860,5861,-204095914#0,9.0,0.6561264822134387
5862,5863,-204095914#1,7.0,1.3749999999999998
5864,5865,-204095914#2,8.0,0.6352040816326533
5866,5867,-204095914#3,6.0,13.804029850746272
5868,5869,-204131033,1.0,0.25806451612903225
5870,5871,-204388143,7.0,2.506631299734747
5872,5873,-204388144#0,6.0,2.3220074043603462
5874,5875,-204414414,4.0,0.5681818181818182
5876,5877,-204582496,5.0,0.0
5878,5879,-204588664#0,13.0,1.5411255411255413
5880,5881,-204588664#1,12.0,1.1868421052631584
5882,5883,-204588664#2,11.600000000000001,1.2015810276679841
5884,5885,-204689829,6.0,0.0
5886,5887,-204723193#0,3.6000000000000005,0.21428571428571425
5888,5889,-205106791,14.0,0.0
5892,5893,-205141818,5.0,0.0
5894,5895,-205182378#0,5.0,0.9594471722131295
5896,5897,-205182378#1,2.0,0.22017699115044245
5898,5899,-205182378#2,14.0,2.1130950060426477
5900,5901,-205182378#3,8.0,0.9169706071658434
5902,5903,-205182378#4,11.0,1.6317294281729422
5904,5905,-205182378#5,10.0,1.1518654114365419
5906,5907,-205182378#6,6.0,0.5636583679114798
5908,5909,-205182378#7,4.600000000000023,0.37938305615073303
5910,5911,-205182378#8,4.0,0.5606557377049181
5912,5913,-205182378#9,6.0,0.8936710467847399
5914,5915,-205802903#0,50.6,94.33333333333334
5916,5917,-205802903#1,3.8,0.5
5918,5919,-205802904,32.4,11.299999999999999
5922,5923,-20588624#0,28.4,5.749999999999999
5924,5925,-20588624#1,10.4,3.5
5926,5927,-20588624#2,10.0,0.27777777777777873
5928,5929,-20588627,18.6,2.333333333333332
5932,5933,-20588629#1,11.600000000000001,6.333333333333332
5936,5937,-20588633,15.0,0.0
5938,5939,-20588635#0,14.0,0.0
5940,5941,-20588635#1,4.0,0.30000000000000004
5942,5943,-20588635#2,7.8,0.5
5944,5945,-20588635#3,26.6,17.333333333333336
5946,5947,-20588639#0,13.0,0.0
5948,5949,-20588641#0,14.0,2.25
5950,5951,-20588641#1,3.0,0.24999999999999994
5952,5953,-20588641#10,8.0,1.0816091954022988
5954,5955,-20588641#2,5.0,0.4102564102564103
5956,5957,-20588641#3,5.0,0.257142857142857
5958,5959,-20588641#5,10.0,1.0588235294117647
5960,5961,-20588641#6,7.0,0.7394957983193278
5962,5963,-20588641#7,2.0,0.23492063492063506
5964,5965,-20588641#8,2.0,0.09605911330049265
5966,5967,-20588641#9,10.0,1.5665024630541866
5972,5973,-206290972,18.0,5.2
5974,5975,-206406053#0,18.0,0.0
5976,5977,-206406053#1,39.6,2.0
5978,5979,-206411593#0,33.0,12.618662690315498
5980,5981,-206411593#1,10.0,1.2193342100513134
5982,5983,-206411595#0,9.0,2.0458612975391484
5984,5985,-206411595#1,16.0,2.5534228187919465
5986,5987,-206411597#0,21.0,4.662049199904466
5988,5989,-206411601#0,1.0,0.0
5990,5991,-206411601#1,4.0,0.0
5992,5993,-206411605#0,5.0,0.5277777777777777
5994,5995,-206411605#1,3.0,0.5535714285714286
5996,5997,-206411605#2,10.2,4.0
6006,6007,-206411605#7,21.8,0.5
6008,6009,-206411608,10.0,1.090909090909091
6010,6011,-206413855,2.0,0.09999999999999999
6012,6013,-206413856,3.6000000000000014,1.435897435897436
6014,6015,-206413857#0,7.4,1.6666666666666667
6016,6017,-206413857#1,10.0,0.3636363636363637
6018,6019,-206413858#0,4.0,0.0
6020,6021,-206413858#1,11.0,1.333333333333334
6024,6025,-206538518#1,19.0,0.0
6026,6027,-206538518#2,20.4,32.0
6028,6029,-206567929,6.6,0.3333333333333335
6034,6035,-206567932,8.0,0.5
6038,6039,-206567934,9.6,2.0
6042,6043,-206567936#0,8.0,0.6291666666666667
6044,6045,-206567936#1,4.0,0.22916666666666669
6046,6047,-206567936#10,3.8000000000000007,1.0
6048,6049,-206567936#11,3.4000000000000004,0.3611111111111111
6052,6053,-206567936#13,24.8,9.0
6054,6055,-206567936#2,4.0,0.8666666666666667
6056,6057,-206567936#3,4.0,0.2333333333333332
6058,6059,-206567936#4,4.0,0.26785714285714285
6060,6061,-206567936#5,4.0,0.28571428571428575
6062,6063,-206567936#6,4.0,0.0
6064,6065,-206567936#7,19.4,16.0
6066,6067,-206567936#8,4.0,0.25000000000000006
6068,6069,-206567936#9,4.0,1.8666666666666671
6070,6071,-207091116#0,4.0,16.274851485148517
6072,6073,-207091132#0,1.0,3.1048300053966513
6074,6075,-207091132#1,8.0,4.0359761545859465
6076,6077,-207091132#3,5.0,0.6527512706671756
6078,6079,-207091132#4,10.0,1.09290282265034
6080,6081,-207091134#1,5.800000000000001,2.0000000000000004
6084,6085,-207218465#0,307.0,81994.8476190476
6086,6087,-207218465#1,4.0,2.2666666666666666
6088,6089,-207218465#2,11.0,0.0
6090,6091,-207221842,13.2,2.3333333333333326
6092,6093,-208010459#0,4.2,1.3333333333333333
6094,6095,-208010459#1,8.0,0.2
6098,6099,-208117071#0,8.0,0.0
6102,6103,-208877802,6.2,1.3333333333333335
6104,6105,-209144149#0,16.200000000000003,37.666666666666664
6106,6107,-20975939#0,21.0,0.0
6108,6109,-20975939#1,30.0,7.5972929777245035
6110,6111,-20975942#0,21.0,0.0
6112,6113,-20975942#1,9.6,0.33333333333333304
6114,6115,-20975942#2,5.0,1.4666666666666668
6116,6117,-20975942#3,7.0,0.9166666666666666
6118,6119,-20975943#0,9.0,0.0
6120,6121,-20975943#1,2.0,0.25
6122,6123,-20975943#2,5.0,1.3666666666666671
6124,6125,-20975943#3,9.0,2.0
6126,6127,-20975943#4,14.0,2.5535714285714293
6128,6129,-20975943#5,22.0,8.0
6134,6135,-20975948#0,6.0,1.9523809523809526
6136,6137,-20975948#1,14.4,1.5000000000000002
6138,6139,-20975948#2,17.8,0.5
6140,6141,-20975950#0,5.0,9.207894736842103
6142,6143,-20975950#1,14.200000000000001,2.352380952380952
6144,6145,-20975952#0,18.0,3.0
6148,6149,-20975954#0,16.6,4.333333333333334
6150,6151,-20975954#1,10.0,0.3333333333333335
6152,6153,-210464673#0,5.0,4.166666666666667
6154,6155,-210464673#1,10.6,2.0
6156,6157,-21224499#0,16.400000000000006,24.16346153846154
6158,6159,-21224499#1,9.0,0.842342342342342
6160,6161,-21224502,1.0,4.010022371364653
6162,6163,-21224504#0,5.0,0.8042328042328045
6164,6165,-21224504#1,12.200000000000001,1.105263157894737
6166,6167,-21224504#2,11.0,1.3823529411764701
6168,6169,-21224504#3,13.0,2.3088235294117645
6170,6171,-21224504#4,27.0,14.2
6172,6173,-21224508,15.0,0.0
6174,6175,-21224509#0,16.0,3.3455882352941178
6176,6177,-21224509#2,27.2,4.0
6178,6179,-21224509#3,9.8,0.5
6180,6181,-21224509#4,32.0,0.0
6182,6183,-21224509#5,9.0,0.0
6184,6185,-21224509#6,10.8,0.5
6190,6191,-213252673#0,10.2,4.0
6192,6193,-213252674#0,2.8,0.5
6196,6197,-213252674#2,1.0,0.0
6198,6199,-213252674#3,20.0,0.0
6200,6201,-213252676#0,8.0,35.2
6202,6203,-213252676#1,16.6,10.3
6204,6205,-213286564#0,4.0,0.0
6206,6207,-213286567#0,9.4,0.9166666666666666
6208,6209,-213286578,3.0,0.0
6210,6211,-213286584#1,4.0,0.0
6216,6217,-213286589#1,7.0,0.6666666666666667
6218,6219,-213286589#3,9.0,1.7
6220,6221,-213286595#0,38.8,12.263736263736265
6226,6227,-213286595#3,1.0,0.0
6228,6229,-213286595#4,1.8,0.5
6230,6231,-213286595#5,21.4,2.25
6232,6233,-213328560#0,4.6,4.333333333333333
6234,6235,-213328560#2,3.0,0.0
6238,6239,-213328563#2,17.0,3.0
6240,6241,-213328563#3,2.0,0.0
6244,6245,-213328570#2,4.0,0.33333333333333326
6246,6247,-213328578,6.0,0.0
6248,6249,-213328603#0,8.0,0.0
6250,6251,-213328603#1,3.0,0.0
6252,6253,-213328603#2,1.0,0.0
6254,6255,-213350768,3.0,0.0
6256,6257,-213350772,4.0,0.3333333333333333
6258,6259,-213350773#0,10.0,0.0
6260,6261,-213350773#1,2.0,0.3333333333333333
6262,6263,-213350775#0,11.0,0.33333333333333304
6268,6269,-213842019,6.0,0.6944444444444445
6270,6271,-213842021#1,4.4,0.24999999999999992
6272,6273,-213842021#2,3.0,0.3333333333333333
6274,6275,-213842022#1,4.4,0.25000000000000006
6276,6277,-213842022#2,2.4000000000000004,0.6666666666666666
6278,6279,-215332293,8.0,0.0
6280,6281,-215333129#0,2.0,0.30000000000000004
6282,6283,-215333129#1,3.2,1.2000000000000002
6284,6285,-215333129#2,8.2,0.8000000000000002
6286,6287,-215333129#3,4.0,0.0
6288,6289,-215333131#1,3.0,0.33333333333333326
6290,6291,-215333131#2,18.0,0.0
6294,6295,-215333452,10.8,0.5
6298,6299,-215335393#0,1.0,0.0
6302,6303,-215335395#1,1.0,0.0
6304,6305,-215336395,3.0,0.9298245614035086
6306,6307,-215336397,5.0,0.0
6308,6309,-215336398#0,6.0,1.5111111111111117
6310,6311,-215336398#1,9.0,2.6102941176470598
6312,6313,-215336398#2,4.0,1.0277777777777777
6316,6317,-215337380,4.0,2.0
6320,6321,-215337581#1,4.0,0.0
6324,6325,-215814551,14.2,1.333333333333334
6326,6327,-215826160#0,63.0,0.0
6332,6333,-215826167#0,5.6,1.0
6334,6335,-215826167#1,8.0,0.29999999999999993
6336,6337,-215826167#2,2.0,2.9047619047619047
6342,6343,-216169402,5.0,1.4761904761904763
6344,6345,-216169409#1,3.0,0.0
6346,6347,-216169409#2,4.0,0.0
6348,6349,-216187660,6.0,0.0
6352,6353,-217170171,8.0,0.0
6354,6355,-217170172#0,37.0,0.0
6356,6357,-217170172#1,10.0,0.0
6358,6359,-217272032,11.4,1.4999999999999998
6360,6361,-217272033,13.0,2.166666666666667
6362,6363,-217272034,18.0,50.0
6364,6365,-217272035,39.8,0.5
6368,6369,-217389701,8.6,0.3333333333333335
6370,6371,-217407145,9.2,2.3333333333333326
6374,6375,-217450845#0,11.8,0.5
6376,6377,-217450845#1,3.6,0.33333333333333337
6378,6379,-217450845#2,3.0,0.0
6380,6381,-217450847,6.8,0.5
6382,6383,-217450850#0,4.0,2.5714285714285716
6384,6385,-217450852,11.0,0.3333333333333335
6386,6387,-217453031,13.8,3.0
6388,6389,-217477084,18.0,0.3333333333333339
6390,6391,-217477085,7.0,0.0
6394,6395,-217652170,16.2,4.0
6398,6399,-217968254#0,29.0,12.5
6402,6403,-218006063#0,24.6,17.089743589743595
6404,6405,-218006063#1,9.0,2.7777777777777772
6406,6407,-218647947#0,5.0,0.6900000000000001
6408,6409,-218647947#1,24.8,4.487179487179483
6410,6411,-218647954,34.4,4.5
6414,6415,-219423250,6.4,4.5
6416,6417,-219559054,8.0,0.0
6418,6419,-21966646#0,10.0,1.861660079051383
6420,6421,-21966646#2,34.8,0.5
6422,6423,-21966647#0,12.0,0.9673202614379086
6424,6425,-21966647#1,9.0,0.6625000000000003
6426,6427,-21966647#2,2.0,0.2545454545454545
6428,6429,-21966647#3,8.0,0.2777777777777778
6430,6431,-21966647#4,2.0,0.0
6436,6437,-21966647#7,30.0,0.0
6438,6439,-21966648,26.8,0.5
6440,6441,-219693895,10.6,2.0
6442,6443,-219935546,40.6,24.5
6444,6445,-220012723,54.0,602.8206942521664
6446,6447,-220013328,9.0,0.9096393663633292
6448,6449,-220064167,18.4,0.6666666666666661
6452,6453,-220351054,10.0,0.0
6456,6457,-220654222,6.4,4.5
6458,6459,-220658739,10.4,4.5
6460,6461,-220658740,5.6,0.33333333333333326
6464,6465,-220752851,18.0,0.0
6468,6469,-223105086,1.0,0.0
6470,6471,-224251774#0,64.0,658.735034866077
6472,6473,-224251774#1,10.0,0.767586487586488
6474,6475,-22486112#0,4.0,0.33333333333333326
6476,6477,-22486112#1,6.6,1.0
6478,6479,-22486112#2,8.0,0.9821428571428571
6480,6481,-22486112#3,10.0,1.1
6482,6483,-22486112#5,6.0,0.9523809523809524
6484,6485,-22486112#6,10.0,0.9523809523809524
6486,6487,-22486115#0,10.0,0.0
6488,6489,-22486115#1,8.0,0.0
6490,6491,-22486115#2,22.8,0.5
6494,6495,-22486116#1,10.0,0.0
6496,6497,-22486116#2,12.0,0.3333333333333335
6502,6503,-22486118#2,4.0,0.1666666666666666
6506,6507,-22486118#4,13.6,2.0
6512,6513,-22486120#0,10.4,1.9444444444444438
6514,6515,-22486120#1,15.0,1.267857142857143
6516,6517,-22486120#2,10.4,5.333333333333334
6518,6519,-22486121#0,13.0,3.0
6520,6521,-22486121#1,10.8,1.3333333333333328
6522,6523,-22486121#2,10.0,0.29999999999999993
6524,6525,-22486123,25.0,0.0
6526,6527,-22486124,33.6,15.714285714285714
6528,6529,-22486126#0,7.0,1.3974358974358976
6530,6531,-22486126#1,7.0,0.30000000000000004
6532,6533,-22486126#2,27.6,0.3333333333333339
6534,6535,-22486127#1,21.800000000000004,172.43596059113307
6536,6537,-22486127#10,5.0,0.26666666666666655
6538,6539,-22486127#11,3.4000000000000004,0.8
6540,6541,-22486127#12,11.0,0.33333333333333304
6542,6543,-22486127#2,3.0,0.3076923076923076
6544,6545,-22486127#3,9.0,1.3846153846153837
6546,6547,-22486127#4,8.0,0.6461538461538463
6548,6549,-22486127#5,3.0,0.2077922077922077
6550,6551,-22486127#7,5.0,0.48421052631578915
6552,6553,-22486127#8,7.0,0.48692810457516345
6554,6555,-22486127#9,7.0,2.61764705882353
6558,6559,-22486129#1,10.0,0.0
6560,6561,-22486129#2,12.0,0.0
6566,6567,-224892361#0,1.0,0.24647105471847733
6568,6569,-224892361#1,4.0,0.43906952154374845
6570,6571,-224892361#2,5.0,0.6386343804537516
6572,6573,-224892361#3,7.0,0.7352428991773249
6574,6575,-224892361#4,5.0,0.36042629686697475
6576,6577,-224892361#5,1.0,0.13392398561890093
6578,6579,-224892361#6,3.0,0.21436825885978428
6580,6581,-224892361#7,5.0,0.34784283513097064
6582,6583,-224892361#8,14.0,2.896623376623377
6588,6589,-224958871#0,5.0,0.0
6592,6593,-224999403,7.0,2.5603948896631827
6594,6595,-224999404,1.0,0.0
6598,6599,-225488970,5.0,0.6062884483937113
6600,6601,-225488971#1,11.0,0.6143790849673206
6602,6603,-225488971#2,4.0,0.36764705882352944
6604,6605,-225488971#3,3.200000000000001,0.26666666666666683
6606,6607,-225488971#4,5.0,1.2921052631578944
6608,6609,-225491672,7.0,0.0
6610,6611,-225491673,6.8,0.5
6612,6613,-225491674,7.0,1.0666666666666664
6614,6615,-225491675,6.0,0.0
6616,6617,-225491676,5.0,0.0
6618,6619,-225491677,4.2,1.6999999999999997
6620,6621,-225491678,6.4,0.9166666666666666
6622,6623,-225491679,6.6,0.33333333333333326
6624,6625,-225491680,6.2,0.7999999999999999
6626,6627,-225856329,11.8,0.5
6628,6629,-225856330,27.4,7.1999999999999975
6630,6631,-22603930#0,9.4,1.666666666666666
6632,6633,-22603930#1,17.6,2.0
6634,6635,-22603931,8.6,2.0
6636,6637,-22603932#0,8.0,0.0
6638,6639,-22603932#1,10.8,0.5
6640,6641,-22603933,27.0,0.0
6642,6643,-22603934#0,9.0,0.573737373737374
6650,6651,-22603937#0,17.200000000000003,2.523809523809523
6652,6653,-22603937#1,16.0,1.8241758241758237
6654,6655,-22603937#2,3.0,0.1410256410256411
6656,6657,-22603937#3,28.6,8.192307692307692
6658,6659,-22603937#4,12.600000000000001,1.4107142857142854
6660,6661,-22603937#5,21.2,2.333333333333332
6662,6663,-22603938#0,10.0,0.25000000000000017
6664,6665,-22603938#1,11.8,1.9999999999999998
6666,6667,-22603939#0,27.0,6.904615384615384
6668,6669,-22603940#0,19.6,2.0
6674,6675,-22603941#0,11.6,1.0
6676,6677,-22603941#1,3.0,0.0
6678,6679,-22603941#2,6.8,0.5
6682,6683,-22603942,20.8,0.5
6688,6689,-22603945#0,1.0,0.6747198879551823
6690,6691,-22603945#1,16.0,4.757299073475544
6692,6693,-226665980,32.0,0.0
6694,6695,-226665981#0,37.6,19.642857142857142
6696,6697,-226665981#1,41.2,18.8
6698,6699,-226665982#0,24.0,0.0
6702,6703,-226665982#10,29.0,0.0
6708,6709,-226665982#13,32.0,9.999999999999998
6710,6711,-226665982#2,30.2,6.333333333333336
6712,6713,-226665982#3,102.8,128.0
6714,6715,-226665982#4,29.0,0.0
6720,6721,-226665982#7,23.0,0.0
6730,6731,-226665983#2,14.6,2.0
6732,6733,-226665984#0,40.8,0.5
6742,6743,-226665985#2,30.0,0.0
6746,6747,-226665986#2,1.0,0.0
6750,6751,-226665987#1,41.6,55.74999999999999
6752,6753,-226665987#2,34.0,102.6190476190476
6754,6755,-226665987#3,36.0,0.0
6756,6757,-226665987#4,62.0,0.0
6764,6765,-226665989#1,28.8,0.5
6770,6771,-226665989#4,28.8,6.333333333333336
6772,6773,-226665989#5,23.0,0.0
6774,6775,-226665990#0,64.4,58.699999999999974
6776,6777,-226665990#1,30.6,2.0
6778,6779,-226665990#2,35.6,21.0
6780,6781,-226665990#3,50.0,12.5
6782,6783,-226665990#4,23.6,10.333333333333336
6784,6785,-226665990#5,28.6,2.0
6786,6787,-22690205#1,108.6,1356.6931216931216
6788,6789,-22690205#2,6.0,0.4099999999999999
6790,6791,-22690205#3,20.0,4.516666666666665
6792,6793,-22690206#0,10.4,0.666666666666667
6794,6795,-22690206#1,19.4,4.5
6796,6797,-22690206#2,3.0,0.0
6798,6799,-22716069#0,14.0,0.0
6800,6801,-22716069#1,13.4,4.5
6804,6805,-22716072#1,42.0,0.0
6806,6807,-22716072#2,7.4,4.5
6808,6809,-22716072#3,4.0,0.0
6810,6811,-22716072#4,8.0,0.0
6812,6813,-22716072#5,2.0,0.0
6814,6815,-22716073,11.8,0.5
6816,6817,-22716549#1,16.6,59.952380952380956
6818,6819,-22716549#2,5.0,0.4909090909090909
6820,6821,-22716549#3,11.0,2.999999999999999
6822,6823,-22716549#4,4.0,0.28571428571428575
6824,6825,-22716549#5,4.0,0.23809523809523805
6826,6827,-22716549#6,8.8,0.8095238095238096
6828,6829,-22724699#0,13.200000000000006,63.54723707664884
6830,6831,-22724699#1,5.0,7.88680926916221
6832,6833,-22724699#10,2.0,0.15151515151515157
6834,6835,-22724699#11,3.0,0.6363636363636361
6836,6837,-22724699#12,3.2,0.17777777777777778
6838,6839,-22724699#2,8.0,1.2593582887700545
6840,6841,-22724699#3,7.0,0.8377016129032259
6842,6843,-22724699#4,5.0,0.6706349206349208
6844,6845,-22724699#5,3.0,0.22727272727272718
6846,6847,-22724699#6,7.0,1.1660079051383405
6848,6849,-22724699#7,6.0,0.7944664031620554
6850,6851,-22724699#8,3.6000000000000014,0.3974358974358975
6852,6853,-22724699#9,3.0,0.2424242424242424
6854,6855,-22879845,19.0,1.3333333333333321
6858,6859,-229019260#1,48.0,0.0
6862,6863,-23009600#1,59.0,683.3792361883579
6864,6865,-23009600#2,4.0,112.72866778179458
6866,6867,-230450339#0,11.4,3.333333333333332
6870,6871,-230450343#0,10.8,0.5
6880,6881,-230450347#1,10.0,0.0
6882,6883,-230450350#0,4.0,2.142857142857143
6884,6885,-230450350#10,7.4,1.0
6886,6887,-230450350#13,6.0,0.0
6888,6889,-230450350#14,2.6,2.0
6890,6891,-230450350#15,7.0,0.0
6892,6893,-230450350#16,11.0,1.0666666666666669
6894,6895,-230450350#18,3.0,0.2678571428571428
6896,6897,-230450350#19,4.0,0.8181818181818181
6898,6899,-230450350#2,3.2,0.19999999999999996
6900,6901,-230450350#20,1.0,0.23809523809523814
6902,6903,-230450350#21,3.200000000000001,0.26666666666666666
6904,6905,-230450350#22,4.0,0.36764705882352944
6906,6907,-230450350#23,2.0,0.09090909090909095
6908,6909,-230450350#3,1.0,0.33333333333333337
6910,6911,-230450350#4,2.2,0.5
6912,6913,-230450350#5,3.6,0.33333333333333326
6914,6915,-230450350#6,3.0,0.33333333333333337
6918,6919,-230450350#9,5.0,0.0
6922,6923,-230450353#1,6.0,1.0000000000000002
6924,6925,-230450353#2,12.0,2.2333333333333334
6930,6931,-230450354#2,5.0,0.0
6934,6935,-230450355#1,5.0,0.3222222222222222
6936,6937,-230450355#2,10.4,1.6318681318681334
6940,6941,-230450356#1,6.4,0.6666666666666666
6942,6943,-230450356#2,10.0,1.80952380952381
6944,6945,-230450357#0,13.0,0.0
6946,6947,-230450357#1,12.4,1.6666666666666667
6948,6949,-230450360#0,4.0,0.0
6950,6951,-230450360#1,4.0,0.6727272727272727
6952,6953,-230450360#2,4.0,0.6815789473684211
6954,6955,-230450360#3,1.0,0.05255255255255256
6956,6957,-230450360#4,4.0,0.9928571428571427
6958,6959,-230450361#0,9.6,0.3333333333333335
6960,6961,-230450361#1,7.6,2.333333333333333
6964,6965,-230450361#3,8.0,0.0
6966,6967,-230450364#0,3.8,0.5
6968,6969,-230450364#1,6.0,0.0
6970,6971,-230450364#2,7.0,0.0
6974,6975,-230450366#0,4.0,0.0
6980,6981,-230450366#3,2.0,0.2
6986,6987,-230450366#6,2.0,0.0
6990,6991,-23101640#0,19.4,4.916666666666667
6992,6993,-23101640#1,7.2,0.7
6994,6995,-23101640#2,8.0,0.31428571428571433
7000,7001,-23101685#1,98.80000000000003,3488.971428571429
7002,7003,-23101685#10,17.000000000000007,120.47619047619047
7004,7005,-23101685#2,7.200000000000001,113.17142857142858
7006,7007,-23101685#4,2.0,0.16666666666666669
7008,7009,-23101685#5,2.0,0.2857142857142857
7010,7011,-23101685#6,3.0,0.41071428571428564
7012,7013,-23101685#7,4.0,0.24999999999999992
7014,7015,-23101685#8,21.4,2.9444444444444464
7016,7017,-23101685#9,5.0,0.6190476190476188
7018,7019,-23125141,2.8,0.5
7020,7021,-23125142,9.6,2.0
7022,7023,-23128480#2,6.0,0.7058823529411764
7024,7025,-23128564#0,2.0,1.4362577639751557
7026,7027,-23128564#1,2.0,1.7312111801242245
7028,7029,-231526847,1.0,0.0
7030,7031,-231526848#0,3.0,0.26666666666666666
7032,7033,-231526853,2.0,0.0
7038,7039,-231526858,146.0,439.5833333333333
7040,7041,-231526859#0,7.4,1.6666666666666667
7042,7043,-231526859#1,20.0,0.0
7046,7047,-231526860#0,7.0,0.0
7048,7049,-231526860#1,12.4,1.1999999999999995
7050,7051,-231526860#2,8.6,0.3333333333333335
7054,7055,-23183627#2,53.0,0.0
7056,7057,-23183634#0,34.4,12.33333333333334
7058,7059,-23183634#1,24.0,0.0
7060,7061,-23183634#2,25.8,9.0
7062,7063,-23183634#3,67.0,81.33333333333334
7066,7067,-23183649#0,7.0,0.558823529411765
7068,7069,-23184252#0,30.0,146.83077564637196
7070,7071,-23184252#1,2.0,0.3631014191761857
7072,7073,-23184252#2,7.0,0.9271717171717172
7074,7075,-23184252#3,6.0,1.103737113402062
7076,7077,-23184274#1,68.80000000000001,828.9902148064403
7078,7079,-23184274#2,7.0,16.76355409296585
7080,7081,-23184274#3,10.0,1.2997987927565386
7082,7083,-23184274#4,5.0,2.402765583845478
7084,7085,-231966468#0,21.0,0.0
7088,7089,-23202117#0,14.6,0.33333333333333304
7090,7091,-23202117#1,17.0,1.333333333333334
7094,7095,-23202186#1,10.0,1.333333333333334
7096,7097,-23202186#2,11.0,0.0
7098,7099,-23202186#3,15.0,0.0
7100,7101,-23202186#4,11.4,3.3333333333333335
7102,7103,-23202195#0,39.4,32.0
7104,7105,-23202195#1,15.2,2.3333333333333326
7106,7107,-23206058#0,11.0,0.8095238095238099
7108,7109,-23206058#1,18.0,1.3666666666666656
7110,7111,-23206058#2,9.0,0.6666666666666673
7114,7115,-23206109,21.0,0.0
7116,7117,-23206111#0,16.8,3.537878787878787
7118,7119,-23206111#1,6.0,0.2472527472527472
7120,7121,-23206111#2,5.0,0.9714285714285713
7122,7123,-23206114#1,12.0,1.5066137566137567
7124,7125,-23206120,32.6,2.0
7126,7127,-23206153,18.4,0.9166666666666675
7130,7131,-23206325#1,12.6,0.3333333333333335
7142,7143,-23258631#0,5.0,0.30000000000000016
7144,7145,-23258631#1,7.0,0.30000000000000004
7146,7147,-23258631#10,3.0,0.0
7148,7149,-23258631#12,3.0,0.0
7150,7151,-23258631#14,3.0,0.0
7152,7153,-23258631#15,6.0,0.3333333333333333
7154,7155,-23258631#16,7.0,0.3333333333333335
7156,7157,-23258631#18,6.0,0.0
7158,7159,-23258631#4,6.0,1.3666666666666665
7160,7161,-23258631#5,9.4,0.7999999999999998
7162,7163,-23258631#8,4.2,0.1777777777777778
7164,7165,-23291881,2.0,0.2321052631578947
7166,7167,-23291898#0,33.0,10.919661733615222
7168,7169,-23291898#1,7.0,0.7624831309041834
7170,7171,-23291898#2,12.0,1.5708502024291515
7172,7173,-23291898#3,4.0,0.3078078078078079
7174,7175,-23291898#4,8.400000000000002,0.7843137254901957
7176,7177,-23291898#5,12.400000000000002,1.64349376114082
7178,7179,-23291898#8,3.0,0.20467836257309938
7180,7181,-23291898#9,3.0,0.28571428571428586
7184,7185,-233673410#0,4.0,5.307488353652491
7186,7187,-233673410#1,4.0,0.38670315563768687
7188,7189,-233673410#2,3.0,0.28549563401938216
7190,7191,-233673410#3,4.0,1.1154581368675929
7192,7193,-233673410#5,8.400000000000034,8.52107320845506
7194,7195,-233673410#6,2.0,0.34253451337572344
7196,7197,-233673410#7,3.0,0.27662255828607424
7198,7199,-233673410#8,3.0,0.2816730038022814
7200,7201,-233673411#0,2.0,0.21708339708261598
7202,7203,-233673411#1,11.0,5.336078845818234
7204,7205,-233673412#1,5.0,13.594628661703164
7206,7207,-233673413#0,2.0,32.293843822416115
7208,7209,-233673413#1,4.0,34.99484580792381
7210,7211,-233673414#0,1.0,0.7814527438592516
7212,7213,-233673414#1,2.0,0.30982094795591697
7214,7215,-233673414#2,3.0,1.4415458732446114
7216,7217,-233673414#3,3.0,0.2684298267921221
7218,7219,-233673414#5,7.0,0.7186996694074758
7220,7221,-233673414#7,6.0,0.5495330790014121
7222,7223,-233673414#8,6.0,1.3531017772880096
7224,7225,-233673415#0,7.0,21.110502020933854
7226,7227,-233673415#1,2.0,1.0892446218552496
7228,7229,-233673415#2,2.0,0.2651820663194398
7230,7231,-233673415#2.19,2.0,0.22021571817200022
7232,7233,-233673415#3,5.0,0.45548474449658044
7234,7235,-233673416,8.0,0.841716523988646
7236,7237,-233673420#0,6.0,1.277791073351683
7238,7239,-233673421,9.0,1.8344975917394606
7240,7241,-233673423,3.0,0.2941528168800897
7242,7243,-233673424#0,7.0,0.6375294769774246
7244,7245,-233673424#1,9.0,1.5410327307101481
7246,7247,-233673425#0,7.0,5.980790193518668
7248,7249,-233675413#0,4.0,0.4308933542101602
7250,7251,-233675413#1,8.0,0.9525207900207914
7252,7253,-233675413#2,8.0,0.899375436719835
7254,7255,-233675413#3,9.0,1.2453373194848922
7256,7257,-233675413#6,5.2000000000000455,49.06821699896566
7258,7259,-233675413#7,2.0,0.3794307522202805
7260,7261,-233675413#8,3.0,13.153645888230715
7262,7263,-233675413#9,5.0,4.576329306940432
7264,7265,-23422659,6.0,2.548913043478261
7266,7267,-23436553#0,13.2,4.0
7270,7271,-23436553#3,4.0,0.22167487684729073
7272,7273,-23436553#4,11.8,2.0
7274,7275,-23441733#1,21.6,2.333333333333335
7276,7277,-23442105#0,12.0,1.0946236559139784
7278,7279,-23442105#1,9.0,0.8815384615384615
7280,7281,-23442105#2,8.200000000000003,1.4766666666666668
7282,7283,-23442105#3,8.0,1.11437908496732
7284,7285,-23442105#4,8.4,0.9945054945054945
7286,7287,-23442105#5,9.0,1.9999999999999998
7288,7289,-23442105#6,9.6,0.3333333333333335
7290,7291,-23525483#0,10.0,0.0
7292,7293,-23525483#2,5.0,0.0
7296,7297,-23525483#4,11.0,0.0
7298,7299,-23525483#5,12.0,0.0
7300,7301,-23525483#6,15.0,1.333333333333334
7302,7303,-23525483#7,4.0,0.0
7308,7309,-23621940#0,28.200000000000003,18.125000000000004
7310,7311,-23621955#0,8.0,8.985194453133147
7312,7313,-23621955#1,5.0,0.3127457783946332
7314,7315,-23621955#10,5.0,0.8611111111111113
7316,7317,-23621955#11,6.0,0.7806267806267807
7318,7319,-23621955#12,4.0,0.2600000000000001
7320,7321,-23621955#2,6.0,0.4581927259092613
7322,7323,-23621955#3,3.0,0.3092286501377411
7324,7325,-23621955#4,4.0,0.47106446776611693
7326,7327,-23621955#5,6.0,1.0865548827821758
7328,7329,-23621955#6,6.0,0.5152636447733578
7330,7331,-23621955#7,9.0,1.3628019323671494
7332,7333,-23621955#8,9.0,0.868757259001161
7334,7335,-23621955#9,6.0,0.9181184668989546
7336,7337,-23621983,21.8,24.333333333333332
7338,7339,-23622049#0,26.6,2.0
7348,7349,-23622056#1,19.0,0.0
7350,7351,-23622056#4,15.0,1.8600000000000005
7352,7353,-23622056#5,3.0,0.25369978858350944
7354,7355,-23622056#6,6.0,0.538583509513742
7356,7357,-23622106#0,11.0,1.2307692307692324
7358,7359,-23622106#1,9.4,2.2777777777777777
7360,7361,-23622106#10,8.0,0.0
7362,7363,-23622106#15,4.0,0.0
7364,7365,-23622106#16,2.6,1.0
7366,7367,-23622106#17,2.0,0.0
7368,7369,-23622106#18,5.0,0.0
7370,7371,-23622106#19,8.0,1.2
7372,7373,-23622106#2,9.4,1.0277777777777777
7374,7375,-23622106#3,13.0,2.1666666666666656
7376,7377,-23622106#4,9.4,5.333333333333332
7378,7379,-23622106#5,6.0,0.9666666666666665
7380,7381,-23622106#6,8.0,0.0
7382,7383,-23622106#8,1.0,0.0
7384,7385,-23622106#9,3.6,2.0
7386,7387,-23622107#0,1.0,0.20229885057471259
7388,7389,-23622107#1,4.200000000000003,0.1655172413793104
7390,7391,-23622107#2,4.200000000000003,0.6712643678160919
7392,7393,-23622107#3,13.0,1.4105263157894734
7394,7395,-23622107#4,3.0,0.12500000000000008
7396,7397,-23622107#5,3.0,0.4705882352941174
7398,7399,-23622107#6,5.0,0.3625000000000001
7400,7401,-23622107#7,3.0,0.2865497076023391
7402,7403,-23622107#8,5.0,0.9239766081871346
7404,7405,-23622128#0,12.6,2.0
7406,7407,-23622128#1,9.200000000000001,2.9999999999999987
7410,7411,-23622131#0,12.4,30.916666666666668
7412,7413,-23622131#1,10.6,1.0
7414,7415,-23622131#2,54.0,0.0
7416,7417,-23622140#0,5.800000000000001,3.0
7418,7419,-23622140#1,2.0,0.0
7422,7423,-23622141#0,1.8,0.5
7426,7427,-23622141#2,20.8,9.0
7430,7431,-23622167#1,12.0,1.3246753246753245
7432,7433,-23622170#0,21.2,2.6999999999999993
7434,7435,-23622170#1,11.0,1.3636363636363638
7436,7437,-23622170#2,6.0,0.2678571428571428
7438,7439,-23622189#0,8.600000000000001,25.333333333333332
7446,7447,-23622189#4,2.4000000000000004,0.9166666666666666
7454,7455,-23622232#0,28.0,21.76666666666667
7456,7457,-23622232#1,10.0,0.0
7460,7461,-23622249#0,8.4,0.9166666666666666
7462,7463,-23622249#1,7.0,0.0
7464,7465,-23622271#1,82.6,1815.8418027828195
7466,7467,-23622271#3,3.0,227.6201550387597
7468,7469,-23622271#4,6.399999999999999,145.13319238900638
7470,7471,-23622271#6,13.0,721.0826086956523
7472,7473,-23622271#7,1.6000000000000014,0.1923076923076923
7474,7475,-23622517#0,17.0,3.0000000000000018
7476,7477,-23622517#1,6.8,0.5
7478,7479,-23622517#2,9.0,1.3666666666666667
7480,7481,-23622517#3,6.0,0.0
7486,7487,-23623583#0,6.0,0.6222222222222222
7488,7489,-23623583#1,23.8,3.2380952380952377
7490,7491,-23623595,26.4,2.2
7492,7493,-23623633#0,8.0,0.0
7494,7495,-23623633#1,5.8,0.5
7496,7497,-23623633#2,8.4,0.6666666666666666
7498,7499,-23623640,11.0,0.3333333333333335
7500,7501,-23623646,7.0,0.0
7502,7503,-23623674#1,20.0,50.019519519519505
7504,7505,-23623674#11,11.0,0.0
7506,7507,-23623674#2,1.0,0.08770161290322581
7508,7509,-23623674#3,3.0,0.28629032258064524
7510,7511,-23623674#4,1.0,0.06436781609195402
7512,7513,-23623674#5,4.0,0.3919540229885058
7514,7515,-23623674#6,2.0,0.25862068965517243
7516,7517,-23623674#7,4.2,0.5444444444444445
7518,7519,-23623674#8,8.0,1.822222222222222
7520,7521,-23623680,11.0,6.916666666666669
7524,7525,-23623685,16.0,0.0
7526,7527,-23623687#0,12.4,4.916666666666665
7528,7529,-23623687#1,6.800000000000001,1.0
7530,7531,-23623692#0,12.0,0.0
7532,7533,-23623692#1,11.0,0.0
7536,7537,-23623693,17.2,8.0
7538,7539,-23623701#0,7.800000000000001,4.515151515151515
7540,7541,-23623701#1,5.0,0.5256410256410255
7542,7543,-23623701#2,9.0,3.0000000000000004
7544,7545,-23623701#3,18.4,12.333333333333336
7548,7549,-23623713#0,4.0,0.3
7550,7551,-23623713#1,8.8,0.5
7552,7553,-23623713#2,3.0,1.2000000000000002
7554,7555,-23623715#0,1.0,0.0
7556,7557,-23623715#1,3.0,0.3333333333333333
7560,7561,-23623717,14.2,2.3333333333333335
7562,7563,-23623720,44.4,52.0
7564,7565,-23623780#0,2.6,1.0
7566,7567,-23623780#1,29.0,0.0
7570,7571,-240066908,9.6,2.0
7572,7573,-240187995#1,5.0,0.0
7580,7581,-24061326#3,3.0,0.33333333333333326
7582,7583,-243554732,23.0,5.667048489524609
7584,7585,-24495014#0,14.0,0.0
7586,7587,-24495014#1,4.0,0.7000000000000001
7588,7589,-24495083#0,4.0,0.33333333333333337
7590,7591,-24495083#1,8.0,0.0
7592,7593,-24495083#2,7.0,0.0
7594,7595,-24495083#3,35.4,4.5
7596,7597,-24495188,17.0,32.151378989773825
7598,7599,-24498193#1,7.200000000000001,43.59999999999999
7600,7601,-24498193#3,4.0,1.7142857142857142
7602,7603,-24498193#4,3.0,0.6
7604,7605,-24498193#5,4.0,0.3
7606,7607,-24498193#6,6.6000000000000005,3.5
7608,7609,-24499966#0,2.6000000000000085,0.3450292397660819
7610,7611,-24499966#1,19.0,7.427302786962689
7612,7613,-24499966#2,6.0,0.7414506343077772
7614,7615,-24499968#0,4.0,1.3333333333333333
7616,7617,-24499968#1,14.2,2.333333333333334
7618,7619,-24499968#2,5.4,7.0
7622,7623,-245375072#0,2.0,0.17777777777777776
7624,7625,-245375072#1,4.0,0.25
7628,7629,-245375074#1,13.2,4.3
7630,7631,-245375074#2,13.0,0.9166666666666665
7632,7633,-245375074#3,12.2,0.7999999999999996
7634,7635,-245375074#4,49.0,22.666666666666668
7636,7637,-24537805#0,7.0,11.519781966840792
7638,7639,-24537805#1,1.0,0.8958107601794373
7640,7641,-24537805#2,3.0,2.95627728568905
7642,7643,-24537805#3,3.0,1.6418383518225037
7644,7645,-24537805#4,19.0,5.291819145319646
7646,7647,-24537982#1,24.0,88.24979129397737
7648,7649,-24537982#2,3.0,0.22377622377622372
7650,7651,-24537982#3,9.0,0.8530982905982907
7652,7653,-24537982#4,6.0,0.9484215973779535
7654,7655,-24598017,6.0,0.3333333333333333
7656,7657,-24599188#1,7.800000000000001,1.1428571428571426
7658,7659,-246024693,6.4,1.7500000000000002
7660,7661,-246024695,7.0,1.5
7664,7665,-246024697#0,12.0,3.254545454545455
7666,7667,-246024698#0,12.2,1.6999999999999995
7668,7669,-246024699#0,1.0,0.0
7670,7671,-246024699#1,6.4,4.5
7676,7677,-24608842#0,15.200000000000001,3.0
7678,7679,-24608842#1,3.0,0.14285714285714293
7680,7681,-24608842#2,10.0,0.9523809523809521
7684,7685,-24608845,10.6,2.333333333333334
7686,7687,-24608846#0,16.0,0.0
7688,7689,-24608846#1,11.0,0.33333333333333304
7690,7691,-24614922#0,13.8,0.5
7692,7693,-24614922#2,7.0,0.0
7696,7697,-24634411#0,20.0,0.2999999999999998
7698,7699,-24634411#1,11.6,0.3333333333333335
7702,7703,-24634413#2,8.0,0.9166666666666666
7704,7705,-24634413#3,20.0,11.466666666666672
7706,7707,-24634414#0,5.0,0.0
7708,7709,-24634414#2,20.2,10.299999999999997
7712,7713,-24634414#4,14.6,1.0
7714,7715,-24634414#5,7.0,0.0
7716,7717,-24634414#6,4.0,0.0
7718,7719,-24634414#7,5.0,0.26923076923076916
7720,7721,-24634414#8,3.0,0.6923076923076924
7722,7723,-24634415,8.0,0.0
7726,7727,-24634505,9.200000000000003,1.416666666666666
7728,7729,-24634506#0,12.0,0.0
7734,7735,-24634507,28.6,4.916666666666668
7736,7737,-24634508#0,14.0,0.7999999999999998
7738,7739,-24634508#1,12.600000000000001,3.700000000000001
7740,7741,-24634509#0,9.0,1.6
7742,7743,-24634509#1,10.0,1.5277777777777781
7744,7745,-24634509#2,5.8,0.5
7750,7751,-24634509#5,1.0,0.0
7752,7753,-24634509#6,3.0,0.0
7754,7755,-24634509#7,7.0,0.0
7756,7757,-24634510#0,24.0,7.183535762483132
7758,7759,-24634510#1,3.0,0.2285714285714285
7760,7761,-24634510#10,3.0,0.0
7762,7763,-24634510#11,10.8,4.333333333333333
7764,7765,-24634510#12,1.0,0.0
7766,7767,-24634510#13,6.0,0.0
7774,7775,-24634510#17,6.0,0.0
7776,7777,-24634510#18,7.0,0.0
7778,7779,-24634510#2,2.0,0.2619047619047619
7780,7781,-24634510#20,4.6,0.3333333333333335
7782,7783,-24634510#21,35.400000000000006,302.0
7784,7785,-24634510#3,9.0,1.461904761904762
7786,7787,-24634510#4,4.0,0.3161764705882356
7788,7789,-24634510#5,6.0,1.1636363636363638
7790,7791,-24634510#7,12.4,1.277777777777778
7792,7793,-24634510#8,5.0,0.19999999999999996
7794,7795,-24634510#9,13.0,1.1764705882352937
7796,7797,-24634511#0,8.0,3.0958333333333323
7798,7799,-24634511#1,13.0,3.1250000000000004
7800,7801,-24634513#0,17.6,5.2857142857142865
7802,7803,-24634513#1,25.200000000000003,14.80952380952381
7804,7805,-24634513#2,27.400000000000002,13.35714285714286
7806,7807,-24634513#3,10.600000000000001,2.9047619047619055
7808,7809,-24634513#4,12.0,34.85714285714286
7810,7811,-24634513#5,30.4,8.666666666666666
7812,7813,-24634513#6,5.600000000000001,5.666666666666667
7814,7815,-24634514#0,6.0,0.0
7818,7819,-24634514#2,10.0,0.0
7820,7821,-24634514#3,9.0,0.0
7822,7823,-24634514#4,8.0,0.0
7824,7825,-24634514#5,20.8,0.5
7826,7827,-24634516#1,38.0,0.0
7830,7831,-24634517#1,164.0,3902.537337662338
7832,7833,-24634517#11,5.0,0.7205882352941176
7834,7835,-24634517#13,7.0,0.7833333333333332
7836,7837,-24634517#14,8.0,2.897435897435898
7838,7839,-24634517#16,3.0,0.12500000000000006
7840,7841,-24634517#17,2.0,0.125
7842,7843,-24634517#18,7.0,0.9636363636363635
7844,7845,-24634517#19,5.0,0.0
7846,7847,-24634517#2,3.0,28.771951219512204
7848,7849,-24634517#20,1.6,0.3333333333333333
7850,7851,-24634517#21,1.0,0.0
7852,7853,-24634517#22,4.0,0.0
7854,7855,-24634517#4,7.0,0.6441532258064514
7856,7857,-24634517#5,2.0,0.25806451612903236
7858,7859,-24634517#6,2.0,0.25925925925925924
7860,7861,-24634517#7,6.0,0.4565217391304349
7862,7863,-24634517#8,6.0,0.7199999999999998
7864,7865,-24634517#9,7.400000000000002,1.2101449275362315
7866,7867,-24634518#0,14.0,0.0
7870,7871,-24634518#2,6.0,0.0
7872,7873,-24634519#0,15.8,7.904761904761902
7874,7875,-24634519#1,4.4,4.25
7876,7877,-24634519#2,2.0,0.0
7878,7879,-24634521#0,21.8,18.0
7880,7881,-24634521#1,62.0,0.0
7882,7883,-24634521#2,12.4,0.6666666666666666
7884,7885,-24634522,8.6,2.0
7886,7887,-24692304,6.0,0.0
7888,7889,-24692328#0,6.4,1.758241758241758
7890,7891,-24692328#1,3.0,0.6284584980237157
7892,7893,-24692391#0,5.0,0.325760397268777
7894,7895,-24692391#1,2.0,0.21635630043451268
7896,7897,-24692391#2,6.0,8.106145251396647
7898,7899,-24693977#0,46.0,463.55310099663564
7900,7901,-24693977#1,8.0,26.89151272773439
7902,7903,-24733323#0,4.0,1.0117647058823531
7904,7905,-24733323#1,46.00000000000001,25.695238095238103
7906,7907,-24733323#2,10.0,17.703557312252965
7908,7909,-24733323#3,24.0,16.582482993197278
7910,7911,-24733323#4,19.0,22.30882352941176
7912,7913,-24733323#5,13.0,15.677419354838712
7914,7915,-24754837#0,5.0,0.19999999999999996
7916,7917,-24754837#1,25.0,3.4761904761904763
7918,7919,-24754837#2,5.0,0.4
7920,7921,-24754837#3,3.0,0.2647058823529412
7922,7923,-24754837#4,3.0,0.2046783625730994
7924,7925,-24754837#5,17.0,3.114130434782609
7926,7927,-24754837#6,7.0,0.5933333333333334
7928,7929,-24754837#7,7.0,0.6706349206349205
7930,7931,-24754837#8,4.0,0.28571428571428575
7932,7933,-24754837#9,5.0,0.25862068965517243
7934,7935,-24754854#0,7.0,0.4444444444444444
7936,7937,-24754854#1,7.800000000000001,0.6666666666666666
7938,7939,-24754854#2,7.4,0.24999999999999992
7940,7941,-24754854#3,11.8,0.5
7942,7943,-24754876#0,4.400000000000006,0.1865079365079365
7944,7945,-24754876#10,5.0,0.3264617691154422
7946,7947,-24754876#11,3.0,0.3221707869595193
7948,7949,-24754876#12,8.600000000000009,1.2517482517482517
7950,7951,-24754876#2,5.0,0.5056962025316457
7952,7953,-24754876#2.36,8.0,0.8126582278481012
7954,7955,-24754876#3,4.0,0.3542721518987342
7956,7957,-24754876#4,4.0,0.43361344537815133
7958,7959,-24754876#5,5.0,0.4367816091954025
7960,7961,-24754876#7,3.0,0.2997908622908624
7962,7963,-24754876#8,4.0,0.3806306306306305
7964,7965,-24754876#9,1.0,0.2813144709696434
7966,7967,-24754881#1,23.0,170.0732456140351
7968,7969,-24754881#2,2.0,0.2673969072164948
7970,7971,-24754881#3,2.0,0.24935567010309267
7972,7973,-24754881#4,1.0,0.22336769759450179
7974,7975,-24754881#5,2.0,0.2158505154639175
7976,7977,-24754881#6,2.0,0.22359154929577463
7978,7979,-24754881#7,6.600000000000001,0.6118721461187216
7980,7981,-24754890#0,44.6,10.333333333333337
7982,7983,-24754890#1,12.0,3.499999999999999
7984,7985,-24754890#2,12.0,1.5535714285714295
7986,7987,-24754893,23.0,4.966666666666664
7988,7989,-24872465,6.0,0.14285714285714293
7990,7991,-24872530#0,17.0,7.948275862068965
7992,7993,-24872530#1,5.0,3.0
7994,7995,-24872530#2,4.0,2.1619047619047613
7996,7997,-24872530#3,17.0,17.6
7998,7999,-24872530#5,8.0,0.0
8000,8001,-24882619,68.2,8.0
8002,8003,-24895299#0,3.0,0.27272727272727265
8004,8005,-24895299#1,8.600000000000001,0.7435897435897437
8006,8007,-24895300#0,34.0,8.490909090909089
8008,8009,-24895300#1,43.4,12.944444444444446
8010,8011,-24895300#2,11.0,2.166666666666667
8012,8013,-24895300#3,6.6,0.3333333333333335
8014,8015,-24895300#4,11.0,4.694444444444445
8016,8017,-24895300#5,52.0,24.76363636363637
8018,8019,-24895300#6,10.0,0.8727272727272734
8020,8021,-24895308,7.200000000000003,0.6233333333333336
8022,8023,-24895312#0,12.2,2.488888888888889
8024,8025,-24895312#1,23.4,3.7499999999999996
8026,8027,-24895312#2,8.200000000000001,1.2857142857142851
8028,8029,-24895312#3,17.4,5.1754385964912295
8030,8031,-24943166#0,4.0,0.0
8032,8033,-24943166#1,9.0,0.45714285714285713
8034,8035,-24943166#2,11.0,0.9945054945054939
8036,8037,-24943166#3,7.6000000000000005,1.714285714285714
8038,8039,-24943166#4,7.8,0.5
8040,8041,-24943168#0,14.0,3.7142857142857153
8042,8043,-24943168#1,10.0,0.0
8048,8049,-24943168#4,14.0,0.0
8052,8053,-24970784#1,50.0,304.4444922547332
8054,8055,-24970784#3,3.0,0.41250717154331634
8056,8057,-24970784#5,5.0,0.7456790123456791
8058,8059,-24972185#2,25.0,98.09092098377812
8060,8061,-24972185#3,9.400000000000006,1.5269185204686053
8062,8063,-24972185#5,8.0,2.79572759290346
8064,8065,-24972185#7,9.0,1.7759344598054285
8066,8067,-24972185#8,12.0,1.635290579655665
8068,8069,-24972185#9,8.0,1.251826220684353
8070,8071,-24977473#0,4.0,1.342634718430896
8072,8073,-24977473#1,6.0,0.96676909301805
8074,8075,-24977473#2,1.0,0.1173765287641683
8076,8077,-24977473#4,15.0,95.50635602182835
8078,8079,-24977548#0,3.0,0.6023936170212767
8080,8081,-24977548#1,4.0,1.4571428571428573
8082,8083,-24977548#2,3.200000000000001,1.2210526315789474
8084,8085,-24977575,19.0,3.666666666666666
8086,8087,-24977577#0,3.4000000000000004,5.333333333333334
8088,8089,-24977577#1,4.8,0.5
8090,8091,-24977590#1,53.80000000000007,571.2163161625871
8092,8093,-24978943#0,7.0,0.5714285714285715
8094,8095,-24978943#1.15,10.4,0.6944444444444444
8096,8097,-24989826#0,6.8,0.5
8098,8099,-24989903,13.8,1.238095238095238
8100,8101,-24989986,2.0,3.0165270345896062
8104,8105,-24991571,2.0,0.18912435025989607
8106,8107,-24991571.15,8.0,0.940423830467813
8108,8109,-24991573,2.0,0.24470211915233905
8110,8111,-25000737#0,29.6,16.300000000000004
8112,8113,-25000737#1,3.0,0.23333333333333334
8114,8115,-25000737#2,3.0,2.4545454545454546
8116,8117,-25001007#1,5.4,14.13186813186813
8118,8119,-25001024,12.0,2.200000000000002
8120,8121,-25012173,20.4,12.300000000000002
8128,8129,-25076749#1,9.4,0.666666666666667
8130,8131,-25076749#2,11.0,1.1043956043956042
8134,8135,-25076787#1,13.0,3.8095238095238098
8136,8137,-25076787#2,9.0,2.944444444444445
8138,8139,-25076787#3,20.0,0.0
8140,8141,-25114091,213.40000000000003,7922.151282051281
8142,8143,-25117391#0,2.0,85.10919540229885
8144,8145,-25117391#1,16.0,166.02758620689653
8146,8147,-25117391#2,5.0,0.21164021164021168
8148,8149,-25117391#3,11.0,1.2079772079772078
8150,8151,-25117417#1,15.000000000000007,155.9712070874861
8152,8153,-25117417#2,9.0,0.6807843137254899
8154,8155,-25117417#4,8.0,8.625932300631096
8156,8157,-25117417#5,3.0,0.4419629738466058
8158,8159,-25122731#1,26.0,95.99583333333334
8160,8161,-25122830#0,7.8,0.5
8162,8163,-25122830#1,8.2,2.5
8168,8169,-25136980#0,38.0,12.5
8170,8171,-25136980#1,14.2,2.3333333333333335
8172,8173,-25136980#2,2.0,0.0
8174,8175,-25136980#3,11.0,0.0
8176,8177,-25136980#5,9.8,0.5
8178,8179,-25136980#6,11.8,0.5
8180,8181,-25136980#7,11.0,0.0
8182,8183,-25136980#8,11.6,2.3333333333333335
8184,8185,-25136980#9,12.6,2.3333333333333335
8186,8187,-25136981,15.0,0.0
8188,8189,-25136982#0,12.0,0.0
8190,8191,-25136982#1,3.6,2.0
8192,8193,-25136982#2,5.0,0.0
8198,8199,-25136983#1,44.8,12.333333333333327
8204,8205,-25141428#0,43.0,0.0
8206,8207,-25141428#1,20.8,0.5
8210,8211,-25141430#0,3.0,0.0
8216,8217,-25145011#2,5.0,0.0
8218,8219,-25145012#0,10.2,3.1999999999999993
8220,8221,-25145012#1,20.6,3.4999999999999987
8222,8223,-25145012#2,2.0,0.30000000000000004
8224,8225,-25145012#3,6.2,0.19999999999999996
8226,8227,-25145012#4,11.4,2.3
8228,8229,-25145012#5,11.8,1.6666666666666667
8230,8231,-25145012#6,13.0,1.4107142857142858
8232,8233,-25145012#7,12.600000000000001,1.6428571428571423
8234,8235,-25145012#8,13.0,1.7499999999999998
8238,8239,-25145013#1,16.0,0.0
8244,8245,-25145014#2,18.0,7.600000000000001
8246,8247,-25145014#3,4.0,0.16666666666666669
8248,8249,-25145014#4,2.0,0.4761904761904762
8250,8251,-25145014#5,6.0,0.0
8252,8253,-25145014#6,3.6,0.33333333333333337
8254,8255,-25145014#7,2.0,0.0
8256,8257,-25145014#8,2.0,0.30000000000000004
8258,8259,-25145014#9,11.0,0.266666666666667
8260,8261,-25148803,6.0,0.6000000000000001
8262,8263,-25148808,3.0,0.2678571428571428
8264,8265,-25148812,8.0,1.3560606060606057
8266,8267,-25148889,4.0,0.9523809523809524
8268,8269,-25149001#1,29.0,7.783625730994152
8270,8271,-25149001#2,7.0,0.5653594771241828
8272,8273,-25149001#3,11.600000000000001,1.281045751633987
8274,8275,-25149001#4,16.8,6.333333333333332
8276,8277,-25149001#5,9.0,9.100000000000001
8278,8279,-25149251#0,22.0,2.418367346938773
8280,8281,-25149251#1,33.2,9.95454545454546
8282,8283,-25149251#2,18.0,3.1833333333333305
8284,8285,-25149251#3,37.6,6.982142857142854
8286,8287,-25149251#4,3.0,0.75
8288,8289,-25171366#1,21.6,5.70261437908497
8290,8291,-25171366#2,9.0,1.5378787878787883
8292,8293,-25182130,17.0,0.0
8294,8295,-25182154,22.0,4.7655913978494615
8298,8299,-25184651#0,10.0,0.16666666666666657
8300,8301,-25184651#1,6.0,0.0
8302,8303,-25184651#2,19.0,1.333333333333334
8304,8305,-25184664#0,6.0,0.0
8306,8307,-25184664#1,4.0,0.0
8308,8309,-25184672,21.8,23.3
8312,8313,-25187891,11.6,0.3333333333333335
8314,8315,-25187892,18.0,0.0
8324,8325,-25188976#0,10.0,0.26785714285714296
8326,8327,-25188976#1,15.4,1.2499999999999996
8328,8329,-25188977,13.0,2.25
8330,8331,-25188978#0,15.0,0.0
8332,8333,-25188978#1,11.0,0.0
8338,8339,-25188979#1,30.0,0.0
8340,8341,-25188986#0,29.400000000000002,30.33333333333333
8342,8343,-25188986#1,14.0,0.0
8344,8345,-25190140#0,16.0,2.2975687103594087
8346,8347,-25190140#1,18.4,2.250000000000001
8348,8349,-25190140#2,3.0,0.0
8350,8351,-25192758,2.0,0.0
8352,8353,-25194376#0,10.2,2.2
8354,8355,-25194376#1,12.4,1.666666666666666
8356,8357,-25194376#2,6.0,0.2624999999999999
8358,8359,-25195266#0,6.2,1.3333333333333335
8360,8361,-25195266#1,4.0,0.0
8364,8365,-25195313#0,15.8,1.0
8366,8367,-25195313#1,7.0,0.0
8368,8369,-25195313#2,7.0,0.0
8372,8373,-25195391#1,23.200000000000003,8.916666666666666
8374,8375,-25195391#2,10.8,2.619047619047619
8376,8377,-25209894#0,10.4,2.9166666666666674
8378,8379,-25209894#1,8.0,0.3333333333333335
8382,8383,-25316895,3.0,0.20427221983683974
8384,8385,-25316932#2,8.0,1.3373493975903619
8386,8387,-25316932#3,15.0,2.4185486299307453
8388,8389,-25316932#4,11.200000000000003,1.585757575757576
8390,8391,-25316932#5,5.0,0.5850495804729214
8392,8393,-25316932#6,6.0,0.6065060994682514
8394,8395,-25316932#7,14.0,2.3999582942341786
8396,8397,-25316932#8,3.0,1.3741007194244603
8398,8399,-253294209#1,4.0,0.16666666666666669
8400,8401,-253294209#2,4.0,0.0
8402,8403,-253294209#3,5.0,1.8666666666666665
8404,8405,-25331328#1,10.8,1.6969696969696968
8406,8407,-25331328#2,3.0,0.3523809523809524
8408,8409,-25331328#3,4.0,0.5
8410,8411,-25331328#4,2.0,0.27272727272727276
8412,8413,-25331328#5,16.2,2.333333333333334
8414,8415,-25331328#6,2.0,0.0
8416,8417,-25331328#7,4.8,0.5
8418,8419,-25331996#0,12.0,1.4761904761904763
8420,8421,-25331996#1,35.2,6.333333333333329
8422,8423,-25331996#2,48.4,30.33333333333333
8424,8425,-25341073#0,7.200000000000003,1.0899999999999992
8426,8427,-25341073#1,8.0,0.9981884057971014
8428,8429,-25341073#10,6.0,0.7792207792207793
8430,8431,-25341073#11,6.0,0.5763157894736842
8432,8433,-25341073#12,8.0,1.286549707602339
8434,8435,-25341073#13,15.0,3.2095238095238083
8436,8437,-25341073#14,16.2,8.0
8438,8439,-25341073#2,6.0,0.7099999999999995
8440,8441,-25341073#3,7.0,0.7399999999999998
8442,8443,-25341073#4,7.0,0.7948717948717957
8444,8445,-25341073#7,13.0,1.5933333333333348
8446,8447,-25341073#9,6.0,0.58498023715415
8448,8449,-25341109,12.0,0.0
8450,8451,-25341141#0,12.0,0.516666666666667
8452,8453,-25341141#2,9.0,1.129032258064517
8460,8461,-25344437#1,318.40000000000015,40141.1766252893
8462,8463,-25344437#2,3.0,0.3813381022512095
8464,8465,-25344437#3,3.0,0.4768089053803338
8466,8467,-25344437#4,6.0,0.4649965682910091
8468,8469,-25344437#5,4.0,0.35460992907801425
8470,8471,-25344437#6,4.0,0.5780738662926599
8472,8473,-25344437#7,250.0,16502.472727272725
8474,8475,-25344437#8,4.0,0.1111111111111111
8476,8477,-25344439#0,286.6,23300.204099821745
8478,8479,-25344439#1,4.0,0.8999999999999999
8484,8485,-25344452#1,4.0,0.0
8486,8487,-25344542#0,7.0,0.6784313725490199
8488,8489,-25344542#1,2.0,0.2635746606334843
8490,8491,-25344542#2,1.0,0.14150943396226415
8492,8493,-25344542#3,3.0,0.3553459119496855
8494,8495,-25344542#4,8.400000000000006,69.20754716981133
8496,8497,-25363743#1,11.0,1.054545454545455
8498,8499,-25363743#2,5.0,0.6666666666666667
8500,8501,-25363743#3,2.6,0.33333333333333337
8502,8503,-25363743#4,2.0,0.0
8508,8509,-25363746,14.0,0.0
8512,8513,-25366186#0,29.6,21.0
8514,8515,-25366186#1,56.0,75.0
8520,8521,-25366901#3,7.0,0.0
8522,8523,-25375417#1,8.600000000000001,1.2678571428571423
8524,8525,-25375417#10,5.8,0.5
8528,8529,-25375417#12,4.6,2.0
8534,8535,-25375417#3,5.0,0.8392857142857143
8536,8537,-25375417#4,9.0,0.0
8538,8539,-25375417#7,8.6,2.0
8544,8545,-25375770#0,11.2,1.333333333333333
8546,8547,-25375770#1,9.0,0.0
8548,8549,-25375770#2,15.0,1.8789640591966175
8550,8551,-25375770#3,6.0,0.8176532769556023
8552,8553,-25375770#4,3.0,0.2548780487804878
8554,8555,-25375770#5,6.0,1.121951219512195
8556,8557,-25375770#6,8.0,0.941176470588235
8558,8559,-25375770#7,3.0,0.5436507936507935
8560,8561,-25375770#8,4.4,1.2582417582417587
8566,8567,-25377287#0,10.200000000000001,1.8285714285714278
8568,8569,-25377287#2,6.0,0.7472527472527474
8570,8571,-25377287#3,4.0,0.23333333333333334
8572,8573,-25377287#4,3.0,0.16363636363636375
8574,8575,-25377287#5,16.2,2.4000000000000004
8576,8577,-25377287#6,19.4,3.7777777777777777
8578,8579,-25377287#7,15.0,1.5277777777777777
8580,8581,-25377287#8,4.0,0.2777777777777778
8582,8583,-25380714#1,24.6,20.499999999999993
8584,8585,-25380898#0,10.6,2.0
8590,8591,-253827542#0,8.0,0.0
8592,8593,-25488710#0,4.0,0.2692307692307692
8594,8595,-25488710#1,4.0,1.1304347826086956
8598,8599,-25488710#3,4.0,0.25000000000000006
8600,8601,-25488710#4,4.0,0.30000000000000004
8602,8603,-25488710#5,18.6,4.300000000000001
8606,8607,-25503468#1,6.0,0.44696969696969685
8614,8615,-25534317#0,22.8,2.9166666666666665
8616,8617,-25534317#1,8.4,0.9166666666666669
8618,8619,-25534318,12.0,0.0
8624,8625,-25543966#0,2.0,0.0
8634,8635,-25543966#6,12.0,0.0
8636,8637,-25543980#0,3.0,0.43956043956043966
8638,8639,-25543980#1,3.0,0.2624999999999999
8640,8641,-25543980#11,4.0,0.7711962833914054
8642,8643,-25543980#2,3.0,0.23333333333333325
8644,8645,-25543980#3,5.0,0.6338461538461538
8646,8647,-25543980#5,3.0,0.29166666666666663
8648,8649,-25543980#6,3.0,0.31596638655462206
8650,8651,-25543980#7,4.0,0.3697478991596637
8652,8653,-25543980#8,1.0,0.1254355400696864
8654,8655,-25543980#9,2.0,0.1440185830429733
8660,8661,-25544013#10,3.0,0.0
8662,8663,-25544013#11,7.800000000000001,2.6666666666666665
8664,8665,-25544013#2,3.0,0.0
8666,8667,-25544013#3,1.0,0.0
8668,8669,-25544013#4,3.0,0.0
8670,8671,-25544013#5,1.0,0.0
8672,8673,-25544013#6,1.8,0.5
8674,8675,-25544013#8,3.8,0.5
8676,8677,-25573246#0,6.0,16.8
8678,8679,-25573246#1,8.0,0.0
8680,8681,-25573254#0,7.0,0.8392857142857142
8682,8683,-25573254#1,5.0,0.4
8684,8685,-25573254#2,4.0,0.8392857142857143
8686,8687,-25573254#3,5.0,0.14285714285714288
8688,8689,-25573260#0,34.20000000000001,266.5714285714286
8690,8691,-25573260#1,5.4,0.6666666666666666
8692,8693,-25573260#2,10.8,3.809523809523809
8698,8699,-25573267#2,18.0,0.0
8700,8701,-25595895#0,13.0,0.8095238095238098
8702,8703,-25595895#1,13.0,4.599999999999999
8706,8707,-25596851#0,26.0,104.62222222222223
8708,8709,-25596851#1,5.0,0.8
8710,8711,-25596851#2,4.4,0.25
8712,8713,-25596851#3,4.4,0.6666666666666666
8714,8715,-25596851#4,1.6,0.33333333333333337
8716,8717,-25596851#5,1.4000000000000004,0.25
8718,8719,-25596851#6,9.4,0.666666666666667
8720,8721,-25596855,31.6,0.33333333333333304
8722,8723,-25596861#0,41.20000000000002,193.95238095238096
8724,8725,-25596861#1,7.0,0.5277777777777778
8726,8727,-25596861#2,16.8,5.361111111111111
8728,8729,-25596974#0,31.0,0.0
8730,8731,-25596974#1,6.0,0.29999999999999993
8732,8733,-25597196#0,5.0,0.0
8734,8735,-25597196#1,6.0,0.0
8736,8737,-25597196#2,18.0,0.0
8740,8741,-25597196#5,13.6,2.0
8742,8743,-25597196#6,2.0,0.0
8744,8745,-25597196#7,14.4,1.6666666666666667
8746,8747,-25597196#9,17.0,2.2307692307692304
8748,8749,-25597372,9.4,0.532967032967033
8750,8751,-25616917,2.6,2.0
8752,8753,-25616922#0,7.800000000000001,0.5681818181818182
8754,8755,-25616922#1,5.0,0.4358974358974359
8756,8757,-25616922#3,8.0,1.242424242424242
8758,8759,-25616922#4,3.0,0.2909090909090909
8760,8761,-25616922#5,2.0,0.23333333333333328
8762,8763,-25616922#6,7.0,0.4545454545454544
8764,8765,-25616922#7,10.0,1.027777777777778
8766,8767,-25616922#8,7.0,0.2678571428571427
8768,8769,-25623125#0,8.800000000000004,48.123680241327286
8770,8771,-25623125#1,1.0,0.15221987315010574
8772,8773,-25623125#2,8.0,1.1289640591966177
8774,8775,-25623125#3,9.0,0.8990042674253202
8776,8777,-25623125#4,10.0,1.42602495543672
8778,8779,-25623126#1,5.800000000000001,1.3088235294117647
8780,8781,-25623126#2,4.0,0.3692810457516339
8782,8783,-25623126#3,10.0,1.5294117647058825
8784,8785,-25623126#4,5.0,0.055555555555555566
8786,8787,-25623127#0,2.0,0.0
8788,8789,-25623127#1,7.0,0.0
8798,8799,-25623128#4,6.0,0.0
8800,8801,-25623128#5,14.6,2.0
8802,8803,-25623128#6,11.6,2.0
8804,8805,-25623135#0,10.600000000000001,5.756410256410249
8810,8811,-25623135#4,2.0,0.0
8812,8813,-25623135#5,2.0,0.0
8814,8815,-25623139,10.0,2.3199989092495628
8818,8819,-25625950#0,6.0,0.24999999999999994
8820,8821,-25625950#1,7.0,0.735294117647059
8824,8825,-25626559#0,6.0,150.59846153846152
8826,8827,-25626559#2,4.0,0.6060606060606061
8828,8829,-25626559#3,8.0,0.33333333333333326
8830,8831,-25626614#0,5.0,0.4502164502164502
8832,8833,-25626614#1,2.0,0.5000000000000001
8834,8835,-25626614#2,6.200000000000003,0.7766666666666667
8836,8837,-25626614#3,17.0,1.573333333333333
8838,8839,-25626620#0,4.0,1.5588235294117645
8840,8841,-25626620#1,4.0,1.4
8842,8843,-25626620#2,8.0,2.3222222222222224
8844,8845,-25626622#0,4.0,1.0541176470588232
8846,8847,-25626622#1,5.0,2.037037037037037
8848,8849,-25626622#2,4.4,1.1944444444444444
8850,8851,-25626777#0,11.0,0.0
8856,8857,-25638462#0,9.0,2.276149425287355
8858,8859,-25638462#1,18.0,4.027152988855115
8860,8861,-25638462#2,7.0,0.7804191429465125
8862,8863,-25638462#3,10.0,1.5753728974928591
8864,8865,-25638462#4,10.0,1.5992844364937389
8866,8867,-25638463#0,4.0,0.0
8868,8869,-25638463#1,1.6000000000000005,1.7999999999999998
8872,8873,-25638468,3.4000000000000004,0.6666666666666666
8876,8877,-25638471#2,6.6,1.0
8878,8879,-25638471#3,7.0,0.33333333333333326
8880,8881,-25638471#4,5.2,1.3333333333333335
8882,8883,-25638471#5,1.2000000000000002,0.2
8884,8885,-25638471#6,4.8,0.5
8886,8887,-25638471#7,1.0,0.0
8890,8891,-25638471#9,3.8,0.5
8894,8895,-25638475,2.2,1.3333333333333335
8896,8897,-25638527,4.0,0.290909090909091
8898,8899,-25638529,17.6,4.166666666666668
8900,8901,-25638614,20.0,6.41025641025641
8902,8903,-25638617#0,9.000000000000002,10.916666666666666
8904,8905,-25638617#1,25.0,0.0
8910,8911,-25638642,17.4,4.5
8912,8913,-25638649,11.0,12.5
8914,8915,-25638658,21.0,0.0
8916,8917,-25638677,24.4,4.5
8918,8919,-25638754,26.2,8.0
8920,8921,-25638761#0,21.400000000000034,96.30605707629583
8922,8923,-25638761#2,10.0,2.1286158027567454
8924,8925,-25638761#4,7.0,0.6168067226890758
8926,8927,-25638761#5,3.0,0.564102564102564
8928,8929,-25638761#6,12.0,3.057142857142858
8930,8931,-25638775,6.0,0.0
8932,8933,-25640093#0,10.0,0.7999999999999997
8934,8935,-25640093#1,14.0,2.0285714285714285
8936,8937,-25640093#2,5.6,0.33333333333333326
8938,8939,-25640093#3,31.0,0.0
8940,8941,-25640093#4,15.600000000000001,2.6666666666666665
8946,8947,-25640093#7,14.0,0.0
8948,8949,-25640093#8,7.0,2.0000000000000004
8950,8951,-25640094,43.8,4.3333333333333375
8952,8953,-25640097#0,9.6,2.0
8954,8955,-25640097#1,14.2,8.0
8958,8959,-25640098#1,16.0,0.0
8960,8961,-25640145#0,7.0,0.4
8962,8963,-25640145#1,5.0,0.0
8964,8965,-25640145#2,6.8,0.5
8966,8967,-25640145#3,3.0,0.0
8968,8969,-25640145#4,3.6,0.33333333333333326
8972,8973,-25640148#0,9.600000000000001,2.839285714285713
8974,8975,-25640148#1,5.0,0.2777777777777777
8976,8977,-25640148#2,10.8,1.5833333333333333
8978,8979,-25640148#3,10.0,1.142857142857143
8980,8981,-25640149,23.6,1.0
8982,8983,-25640150,23.8,107.70760233918129
8984,8985,-25640157#0,17.800000000000026,166.71544715447155
8986,8987,-25640157#1,7.0,1.2418300653594774
8988,8989,-25640157#2,15.4,2.0277777777777777
8990,8991,-25640375#0,4.0,1.9999999999999996
8992,8993,-25640375#1,8.0,1.084967320261438
8994,8995,-25640375#2,4.0,0.9358974358974357
8996,8997,-25640375#3,8.0,0.3333333333333333
9000,9001,-25650588#0,5.0,31.478461538461534
9002,9003,-25650588#1,11.2,1.6999999999999997
9004,9005,-25650588#2,3.0,1.3333333333333333
9006,9007,-25650588#3,8.0,0.0
9010,9011,-25665374,299.4,19526.71111111111
9012,9013,-25665375#0,141.2000000000001,25548.25
9014,9015,-25665375#1,18.2,1.2999999999999996
9016,9017,-25665412#0,22.0,6.0769230769230775
9018,9019,-25665412#1,101.80000000000001,104.90530303030303
9020,9021,-25665412#2,50.2,22.862745098039213
9022,9023,-25665421#0,22.0,2.214285714285714
9024,9025,-25665421#1,19.6,0.33333333333333304
9026,9027,-25665421#2,5.0,0.0
9028,9029,-25665421#3,9.0,0.0
9030,9031,-25665421#4,6.0,0.0
9032,9033,-25665421#5,9.8,0.5
9034,9035,-25665446#0,2.0,0.125
9036,9037,-25665446#1,5.0,0.1515151515151515
9038,9039,-25665446#2,2.0,0.23333333333333334
9040,9041,-25665446#3,6.0,0.1
9042,9043,-25665446#4,3.0,0.24242424242424238
9044,9045,-25665446#5,6.0,0.26515151515151514
9046,9047,-25665446#6,11.0,0.8787878787878789
9048,9049,-25689281#1,65.0,619.4933427595145
9050,9051,-25689281#2,6.0,165.9483190507581
9052,9053,-25689281#3,8.0,52.40183133271777
9054,9055,-25689281#4,3.0,0.3492739761759845
9056,9057,-25699357#0,10.0,0.9673202614379088
9058,9059,-25699357#1,4.0,0.3859649122807018
9060,9061,-25699357#2,5.0,0.3285714285714287
9062,9063,-25699357#3,4.0,0.5216450216450217
9064,9065,-25699357#4,8.0,5.201538461538461
9066,9067,-25705489#0,55.2,8.0
9068,9069,-25705489#1,57.0,0.0
9072,9073,-25705489#3,99.0,175.0
9074,9075,-25705489#4,1.0,0.0
9076,9077,-25705904#0,1.0,0.5331840796019902
9078,9079,-25705904#1,18.0,15.670199004975116
9080,9081,-25705905,7.0,0.5172020961494649
9082,9083,-25708166#1,3.0,0.0
9084,9085,-25794504#1,11.0,1.0231854838709675
9086,9087,-25796375#1,16.6,87.08522727272727
9088,9089,-25796375#2,14.8,2.6544117647058827
9090,9091,-25796964#0,14.4,2.3
9094,9095,-25797315#0,15.4,2.1944444444444455
9096,9097,-25797315#1,20.4,4.25
9098,9099,-25797315#2,23.0,6.490476190476194
9102,9103,-25797433#0,19.0,2.2909090909090915
9104,9105,-25797433#1,17.4,2.7777777777777772
9106,9107,-25797433#2,7.0,0.8094276094276093
9108,9109,-25797433#3,12.0,3.9341176470588244
9110,9111,-25801550#0,1.0,0.2666666666666667
9112,9113,-25801550#1,4.0,0.39999999999999997
9114,9115,-25801550#2,12.0,3.6000000000000005
9116,9117,-25801550#3,6.0,0.3333333333333335
9118,9119,-25801550#4,4.0,0.0
9120,9121,-25801550#5,3.0,0.0
9122,9123,-25801550#6,3.0,0.0
9126,9127,-25801569,12.0,24.94744744744745
9134,9135,-25801655#0,7.0,0.0
9136,9137,-25801655#1,7.0,0.0
9138,9139,-25801655#2,4.0,0.0
9140,9141,-25804120#0,1.6,0.33333333333333337
9142,9143,-25804120#1,13.6,2.0
9144,9145,-25804120#2,10.8,1.5833333333333328
9150,9151,-25804129,23.4,4.5
9152,9153,-25869404#0,4.800000000000001,0.6666666666666666
9154,9155,-25869404#1,14.2,2.5
9156,9157,-25869404#4,5.0,0.0
9160,9161,-25889271#0,9.0,0.0
9162,9163,-25895864#0,13.8,1.5833333333333328
9164,9165,-25895864#1,15.8,1.9999999999999998
9166,9167,-25895943#0,7.0,0.0
9168,9169,-25895943#1,15.8,3.0
9170,9171,-25895943#2,10.8,0.5
9172,9173,-25895945#0,7.0,0.8506493506493507
9174,9175,-25895945#1,10.0,1.6367816091954042
9176,9177,-25895945#2,14.600000000000001,74.51612903225806
9178,9179,-25895947#0,31.400000000000002,51.35526315789472
9180,9181,-25895947#1,20.4,9.500000000000004
9182,9183,-25895961,16.8,3.75108225108225
9184,9185,-25895966#0,4.0,0.32335148215366005
9186,9187,-25895966#1,3.0,0.32205513784461154
9188,9189,-25895966#2,2.0,0.3299396681749623
9190,9191,-25895966#3,5.0,1.0253991291727145
9192,9193,-25895966#5,5.0,1.2050420168067222
9194,9195,-25895966#6,12.0,1.404615384615385
9196,9197,-25895966#7,4.0,5638.59656084656
9198,9199,-25901651#0,12.600000000000001,1.410714285714286
9200,9201,-25901651#1,5.0,0.554945054945055
9202,9203,-25901651#2,212.0,30689.82427536231
9204,9205,-25901651#3,39.00000000000003,36399.27272727273
9206,9207,-25901651#4,62.00000000000012,10559.307692307693
9208,9209,-25901651#5,14.0,792.8006535947712
9210,9211,-25901682,8.4,4.700000000000001
9212,9213,-25901699,11.0,1.7352941176470584
9218,9219,-25902795#1,6.0,0.0
9222,9223,-25955082#0,16.200000000000003,4.696428571428571
9224,9225,-25955082#1,15.6,1.0
9226,9227,-25955083#0,5.0,0.44372294372294363
9228,9229,-25955083#1,3.0,0.23076923076923067
9230,9231,-25955083#2,15.0,8.000000000000002
9232,9233,-25955083#4,25.0,3.5833333333333344
9234,9235,-25955084#1,26.0,0.0
9236,9237,-25955085,22.8,224.75
9238,9239,-25955087#0,2.0,3.21021021021021
9240,9241,-25955087#1,11.0,397.0218487394959
9242,9243,-25955087#2,6.0,0.2857142857142858
9244,9245,-25955175#0,21.0,76.52489646738377
9246,9247,-25955175#1,11.0,2.723123474728096
9248,9249,-25955175#2,2.0,0.24772028942412522
9250,9251,-25955175#3,6.0,0.7765394402035622
9252,9253,-25955318#0,5.0,0.8333333333333334
9254,9255,-25955318#1,10.0,3.6666666666666665
9256,9257,-25974839#1,5.0,1.195187165775401
9258,9259,-25974839#2,4.4,1.5277777777777777
9260,9261,-25974839#3,9.8,2.0
9262,9263,-25974839#4,11.0,0.0
9264,9265,-25974839#5,11.0,2.7724867724867717
9266,9267,-25974839#6,3.0,0.25000000000000006
9268,9269,-25993505#1,7.6000000000000005,1.642857142857143
9270,9271,-25993505#2,5.0,1.2678571428571428
9272,9273,-25993505#3,4.0,0.2777777777777778
9274,9275,-25993505#4,3.0,0.26785714285714285
9278,9279,-26134437,5.8,0.5
9280,9281,-26134440#0,8.0,0.0
9282,9283,-26134440#1,8.6,1.0
9284,9285,-26134440#2,9.0,0.0
9286,9287,-26134440#3,9.0,0.0
9288,9289,-26134440#4,9.0,0.0
9290,9291,-26134450,13.6,1.0
9294,9295,-26134457,25.0,0.0
9300,9301,-26134468#2,6.6,0.33333333333333326
9304,9305,-26134480#0,21.8,8.333333333333334
9306,9307,-26134480#1,16.0,6.3
9310,9311,-26134499#0,2.0,0.0
9314,9315,-26134507#0,15.200000000000001,1.9809523809523812
9316,9317,-26134507#1,17.2,5.211111111111111
9324,9325,-26134546#0,9.6,0.3333333333333335
9326,9327,-26134546#1,10.0,0.0
9342,9343,-26135517,14.0,6.300000000000001
9344,9345,-26135523#0,7.0,0.0
9346,9347,-26135523#1,2.0,0.3
9350,9351,-261386207#1,15.0,0.0
9352,9353,-261386347#0,7.0,0.0
9354,9355,-261386347#1,7.0,0.0
9360,9361,-261448661,33.2,11.952380952380949
9362,9363,-261448764#0,13.0,0.0
9364,9365,-261448764#1,12.0,0.0
9366,9367,-261448764#2,10.0,0.0
9368,9369,-261448764#3,4.0,0.0
9370,9371,-261448764#4,10.0,2.2499999999999996
9372,9373,-261448764#5,16.0,1.9571428571428569
9374,9375,-261448764#6,5.0,0.2571428571428571
9376,9377,-26176222#0,22.0,3.055555555555558
9378,9379,-26176222#1,8.0,0.3399822695035464
9380,9381,-26176222#2,18.0,2.904717853839039
9382,9383,-26176223#0,5.0,0.0
9384,9385,-26176223#1,20.0,0.0
9386,9387,-26176224#0,6.0,1.25
9388,9389,-26176224#1,6.0,0.3333333333333335
9390,9391,-26176224#2,8.4,3.3333333333333335
9392,9393,-26176225#0,8.0,26.678461538461537
9394,9395,-26176225#1,7.0,0.5820105820105821
9396,9397,-26176225#3,2.0,0.253968253968254
9398,9399,-26176225#4,4.0,0.3002645502645503
9400,9401,-26176225#5,7.0,0.6540229885057469
9402,9403,-26176229,15.2,2.3333333333333335
9404,9405,-26179010,10.4,0.6666666666666666
9408,9409,-26180725,14.0,0.0
9412,9413,-26180731#0,3.2,1.3333333333333335
9416,9417,-26180733#1,2.0,0.0
9418,9419,-26180733#2,2.6000000000000014,0.7058823529411765
9422,9423,-26219867,35.0,0.0
9424,9425,-26219868,33.0,5.333333333333332
9426,9427,-26219869#0,51.0,69.69999999999999
9428,9429,-26219869#1,12.4,4.5
9430,9431,-26219869#2,13.8,1.5833333333333333
9432,9433,-26219870#1,37.0,0.0
9436,9437,-26219871#0,24.6,11.174242424242424
9446,9447,-26224134#0,8.0,0.3405797101449275
9448,9449,-26224134#1,8.0,0.5144927536231884
9450,9451,-26224134#2,13.0,0.9782608695652178
9452,9453,-26224442,5.0,0.37306930693069335
9454,9455,-26224444#0,67.4,4.5
9456,9457,-26224546#1,1.8000000000000007,0.2380952380952381
9462,9463,-262722743,1.0,0.0
9464,9465,-26288510#0,4.0,24.71428571428571
9466,9467,-26288510#1,12.0,0.0
9484,9485,-26334132#0,17.0,44.844444444444434
9486,9487,-26334132#1,18.0,4.672727272727278
9488,9489,-26334133#0,8.0,0.5950727883538635
9490,9491,-26334133#1,10.0,0.9011220196353433
9492,9493,-26334133#2,6.0,0.5717852684144817
9494,9495,-26339462#0,1.0,2.5124298315958304
9496,9497,-26339462#1,2.0,2.14104938271605
9498,9499,-26339462#2,7.0,10.957963089542037
9500,9501,-26339462#4,6.0,0.9080701754385966
9502,9503,-26339463#0,24.0,2.829166666666665
9504,9505,-26339463#1,3.0,0.1343873517786563
9506,9507,-26339463#2,4.0,0.3405797101449274
9508,9509,-26339463#3,5.0,0.39682539682539686
9510,9511,-26339463#4,9.0,0.5925925925925927
9512,9513,-26339463#5,14.0,1.8095238095238109
9514,9515,-26339463#6,2.0,0.3087121212121212
9516,9517,-26339463#7,5.0,0.4729064039408867
9518,9519,-26339463#8,5.0,0.6041666666666665
9520,9521,-26339463#9,16.0,0.0
9522,9523,-26339464#0,7.0,0.7256097560975611
9524,9525,-26339464#1,10.0,1.5606060606060603
9526,9527,-26339464#2,8.0,0.695833333333333
9528,9529,-26339464#3,5.0,0.2777777777777778
9532,9533,-26339466,20.4,8.749999999999996
9534,9535,-26339468#0,5.4,0.9999999999999998
9536,9537,-26339468#1,4.0,0.8444444444444446
9538,9539,-26339468#2,13.0,0.0
9542,9543,-26339471#0,6.0,0.21428571428571425
9544,9545,-26339471#1,7.0,0.7504537205081669
9546,9547,-26339471#2,1.0,0.1192285213325541
9548,9549,-26339471#3,9.0,1.2502732240437155
9550,9551,-26339471#4,4.0,0.27498677948175565
9552,9553,-26339471#5,17.0,2.933897408778423
9556,9557,-26339472#1,2.0,0.0
9560,9561,-26339472#3,12.0,0.0
9562,9563,-26339472#4,6.0,0.0
9564,9565,-26339472#5,11.8,0.5
9566,9567,-26339473#0,14.0,1.5840985442329225
9570,9571,-26339478#0,15.0,1.816176470588235
9572,9573,-26339478#1,4.0,0.1818181818181818
9574,9575,-26339478#2,11.400000000000002,1.266009852216749
9576,9577,-26339478#3,11.0,0.7512315270935961
9578,9579,-26339478#4,10.0,3.3234672304439754
9582,9583,-26339480#1,17.2,2.222222222222222
9584,9585,-26339480#3,18.0,2.989010989010988
9586,9587,-26339623#0,8.0,0.0
9588,9589,-26339623#2,7.0,0.0
9596,9597,-26339623#6,3.0,0.14285714285714293
9598,9599,-26339623#7,5.0,0.0
9600,9601,-26339624#1,36.0,245.46666666666664
9602,9603,-26339624#2,8.0,1.3571428571428565
9604,9605,-26339625#0,8.8,0.5
9606,9607,-26339625#1,7.0,0.7000000000000002
9612,9613,-26339627#0,2.6,2.0
9614,9615,-26339627#1,18.6,0.33333333333333304
9616,9617,-26339627#2,5.0,0.0
9618,9619,-26339627#3,1.0,0.0
9620,9621,-26356902#0,34.0,19.858974358974347
9622,9623,-26356902#1,24.0,6.269230769230768
9624,9625,-26356922#1,7.0,0.4727272727272728
9628,9629,-26358091#0,12.2,2.3333333333333335
9630,9631,-26358091#1,3.0,0.3333333333333333
9634,9635,-26416597#1,260.6,45602.0
9636,9637,-26416598#0,16.0,2.266666666666667
9638,9639,-26416599#0,11.0,1.047619047619047
9640,9641,-26416599#1,8.600000000000001,2.2411067193675893
9642,9643,-26416600#0,30.0,2.2999999999999994
9644,9645,-26416600#1,7.0,0.42690058479532156
9646,9647,-26416600#2,11.0,0.7868421052631586
9650,9651,-26416602#0,10.0,0.8285714285714283
9652,9653,-26416602#1,9.0,1.4285714285714286
9654,9655,-26416602#2,9.6,2.0
9656,9657,-26416602#3,6.0,1.3333333333333333
9658,9659,-26416602#4,8.0,0.0
9660,9661,-26416602#5,5.6,0.3333333333333335
9662,9663,-26416602#6,7.0,1.8000000000000003
9664,9665,-26416603#0,9.0,1.1333333333333326
9666,9667,-26416603#1,8.0,1.4560439560439558
9668,9669,-26416603#10,3.0,0.7857142857142859
9670,9671,-26416603#11,3.0,0.2777777777777778
9672,9673,-26416603#12,7.4,0.6111111111111109
9674,9675,-26416603#2,3.0,0.9636363636363641
9676,9677,-26416603#3,3.0,0.5714285714285714
9678,9679,-26416603#4,4.0,1.8666666666666665
9680,9681,-26416603#5,6.6,2.333333333333333
9682,9683,-26416603#6,4.0,0.0
9684,9685,-26416603#7,4.0,0.0
9686,9687,-26416603#8,4.0,0.33333333333333326
9688,9689,-26416603#9,3.0,0.2666666666666666
9690,9691,-26416604#0,7.2,0.20000000000000007
9692,9693,-26416604#1,11.2,2.3
9694,9695,-26416605#0,8.0,0.3333333333333335
9696,9697,-26416605#1,9.0,1.1250000000000002
9698,9699,-26416605#2,19.0,4.692307692307692
9700,9701,-26416606#0,8.8,5.199999999999999
9702,9703,-26416606#1,8.6,0.33333333333333304
9704,9705,-26416606#2,12.600000000000001,1.3076923076923073
9706,9707,-26416606#3,6.0,0.2637362637362638
9708,9709,-26416607,13.8,0.5
9716,9717,-26438880#0,12.0,0.5714285714285723
9720,9721,-26438881#0,12.6,2.0
9726,9727,-26438881#3,4.6,0.33333333333333326
9728,9729,-26438881#4,5.0,0.30000000000000004
9730,9731,-26438881#5,2.0,0.21428571428571425
9732,9733,-26438881#6,19.4,1.9615384615384615
9736,9737,-26438883#1,3.0,1.0
9738,9739,-26438884#1,7.0,1.3336358136721116
9740,9741,-26438884#2,10.0,1.6675324675324672
9742,9743,-26438884#3,5.0,0.41528239202657813
9744,9745,-26438884#4,2.0,0.3940620782726046
9746,9747,-26438884#5,14.0,1.4324324324324325
9748,9749,-26438884#6,5.0,0.31231231231231216
9750,9751,-26438884#7,2.0,0.17417417417417413
9752,9753,-26438884#8,5.0,0.27596017069701273
9760,9761,-26451325#1,16.0,25.163636363636364
9762,9763,-26451325#2,14.0,0.0
9764,9765,-26451326,21.6,2.0
9766,9767,-26451327#1,6.6000000000000005,1.1428571428571428
9768,9769,-26451327#10,3.0,0.125
9770,9771,-26451327#11,5.0,0.9415204678362576
9772,9773,-26451327#12,4.0,0.0
9776,9777,-26451327#14,3.8,0.5
9778,9779,-26451327#15,4.0,0.3333333333333333
9780,9781,-26451327#16,3.2,0.5
9782,9783,-26451327#17,6.0,0.5238095238095241
9784,9785,-26451327#18,4.0,0.23333333333333345
9786,9787,-26451327#19,6.0,0.7487804878048776
9788,9789,-26451327#2,14.4,6.916666666666667
9790,9791,-26451327#4,3.0,0.33333333333333337
9792,9793,-26451327#6,3.0,0.25
9794,9795,-26451327#8,4.0,0.4
9796,9797,-26471752#1,27.0,181.87272727272727
9798,9799,-26471752#2,12.0,1.2748538011695905
9800,9801,-26471752#3,2.2,0.7
9802,9803,-26471752#4,6.0,0.44444444444444453
9804,9805,-26471752#5,2.0,0.0
9806,9807,-26471933,5.0,0.3365156046315467
9808,9809,-26471934#1,5.0,1.0144927536231882
9810,9811,-26471934#2,17.0,2.722222222222222
9812,9813,-26471934#3,5.0,0.26470588235294107
9814,9815,-26471935#0,2.0,0.4
9816,9817,-26471935#1,8.0,0.7
9818,9819,-26471935#2,6.4,0.25000000000000006
9820,9821,-26471937#0,2.0,1.0714285714285714
9822,9823,-26471937#1,3.0,0.0
9828,9829,-26471939#0,6.0,3.157509157509158
9830,9831,-264743653#0,37.6,26.61904761904761
9832,9833,-264743653#1,109.2,420.5
9834,9835,-264743654,48.0,32.966666666666676
9836,9837,-26546533,3.0,0.3916256157635468
9838,9839,-26554544#1,3.0,0.0
9840,9841,-26554545#0,1.0,0.0
9848,9849,-26574714#2,10.8,0.5
9850,9851,-26574714#3,5.0,0.0
9852,9853,-26574714#4,16.0,0.0
9854,9855,-26574716#1,6.0,0.0
9856,9857,-26574716#2,16.6,2.0
9858,9859,-26574716#3,7.0,1.0999999999999999
9860,9861,-26574717,2.0,0.3076923076923077
9864,9865,-26597826#1,21.6,2.0
9866,9867,-26642300#2,6.0,0.0
9872,9873,-26642302#0,7.0,0.2666666666666667
9876,9877,-26642304#0,3.0,0.2777777777777778
9878,9879,-26642305#1,23.6,6.199999999999999
9880,9881,-26642306#0,20.6,2.333333333333333
9882,9883,-26642309#1,3.0,0.0
9884,9885,-26642309#2,3.0,0.2857142857142857
9888,9889,-26642362#1,17.2,1.333333333333334
9890,9891,-26642362#2,8.4,0.6944444444444443
9892,9893,-26642362#3,4.0,0.09090909090909097
9894,9895,-26642362#4,0.0,0.08333333333333333
9896,9897,-26642362#5,4.0,120.38636363636361
9902,9903,-26642373#1,6.0,0.0
9908,9909,-26642374,8.0,0.0
9910,9911,-26642481,19.0,0.0
9914,9915,-266507550#0,9.0,135.26754305172292
9916,9917,-266561174#0,9.0,1.66079695483694
9918,9919,-266561177#0,2.0,0.23254686489980614
9920,9921,-266561177#1,6.0,0.7554137039431152
9922,9923,-266561178#0,13.0,23.692901234567902
9924,9925,-266565295#0,6.0,91.02358035548109
9926,9927,-266565295#1,11.0,1.2233478604378552
9928,9929,-266565295#2,14.0,2.537376260327815
9930,9931,-266565295#3,28.0,55.8311960298701
9932,9933,-266565295#4,5.0,1.407226465021236
9934,9935,-266565295#6,15.0,2.3093497538991903
9936,9937,-266565299,3.0,108.93537493731282
9938,9939,-266565302,8.0,1.3421322107179432
9940,9941,-266567307#0,11.0,3.972122890959458
9942,9943,-266567307#1,3.0,0.2711691033690435
9944,9945,-266607792#0,3.0,0.359039197435102
9946,9947,-266607792#1,2.0,0.21137108022534878
9948,9949,-266607792#2,1.0,0.14866897141061247
9950,9951,-266607792#3,5.0,0.4300224945702763
9952,9953,-266607792#4,6.0,1.2533547936704945
9954,9955,-266607792#5,7.0,0.7582153654884013
9956,9957,-266607792#7,4.0,0.3477790963804358
9958,9959,-266607795#0,3.0,0.2787577324895249
9960,9961,-266607795#1,2.0,0.1711088053353189
9962,9963,-266607795#2,4.0,0.4350708498015888
9964,9965,-266607795#4,5.0,0.46776326054643586
9966,9967,-266607795#5,5.0,0.38715928340434236
9968,9969,-266607795#6,1.0,0.20000343633755138
9970,9971,-266607795#7,3.0,0.25859407208582225
9972,9973,-266607795#8,6.0,0.5082007645825622
9974,9975,-266607795#9,11.0,1.1178408470306365
9976,9977,-266607796,2.0,0.2410819938042624
9978,9979,-266607798,1.0,0.1396500604948614
9980,9981,-266607800#0,3.0,0.2569367369589345
9982,9983,-266607800#1,5.0,1.1382551336368343
9984,9985,-266607801#0,3.0,0.2688140503349628
9986,9987,-266607801#1,5.0,1.1747311827956985
9988,9989,-266607802#1,9.0,36.66533734103316
9990,9991,-266607803#1,27.0,145.0382439554605
9992,9993,-266607803#2,2.0,0.9427435618988513
9994,9995,-266607804#0,1.0,0.126522320531279
9996,9997,-266607804#1,10.0,4.2622126971524015
9998,9999,-266607805#0,14.0,59.29433803513975
10000,10001,-26676668,12.0,0.0
10002,10003,-26677213#0,7.0,0.6267806267806268
10004,10005,-26677213#1,7.0,0.6830065359477127
10006,10007,-26677213#2,7.0,0.47058823529411786
10008,10009,-26677213#3,2.0,0.2625
10010,10011,-26677213#4,2.0,0.38095238095238104
10012,10013,-26677213#5,5.0,0.4181818181818181
10014,10015,-26677213#6,4.0,0.2666666666666666
10016,10017,-26677214#0,14.0,0.9666666666666668
10018,10019,-26677214#1,1.0,0.16666666666666669
10020,10021,-26677214#2,1.8000000000000007,1.0
10024,10025,-26677214#4,8.0,0.0
10026,10027,-26677214#5,8.0,0.0
10028,10029,-26677216#0,29.4,9.33333333333333
10030,10031,-26677216#1,6.6,0.3333333333333335
10032,10033,-26677216#2,5.4,0.6666666666666666
10034,10035,-26677216#3,7.0,1.2
10036,10037,-26677216#4,7.6,0.3333333333333335
10038,10039,-26677216#5,10.2,2.3333333333333326
10040,10041,-26677416#0,1.0,0.0
10042,10043,-26677416#1,11.0,0.0
10044,10045,-26677416#2,15.0,0.0
10046,10047,-26677416#3,14.0,0.3333333333333333
10048,10049,-26677416#4,10.4,0.25000000000000017
10050,10051,-26677416#5,1.0,0.25000000000000006
10052,10053,-26677416#6,2.0,0.3
10054,10055,-26677416#7,2.0,0.0
10056,10057,-26677417#0,13.2,0.4444444444444444
10058,10059,-26677417#1,5.0,1.1555555555555557
10062,10063,-26677540#0,7.6,1.0
10064,10065,-26677540#1,6.0,0.33333333333333326
10066,10067,-26677540#2,4.0,0.0
10070,10071,-26677542#0,12.0,1.5535714285714286
10072,10073,-26677542#1,4.0,0.0
10074,10075,-26677542#2,5.0,0.0
10078,10079,-26678225,12.0,0.0
10080,10081,-266887588#0,9.0,1.2163142460256215
10082,10083,-266887589#0,1.0,0.24768660062777695
10084,10085,-266887589#1,11.0,1.0971423912600382
10086,10087,-266887589#2,4.0,0.34772328889975934
10088,10089,-266887589#3,7.0,0.560759854877502
10090,10091,-266887591,54.400000000000034,911.763543865124
10092,10093,-266887593#1,6.0,118.82300423590742
10094,10095,-266887593#2,3.0,0.39159335288367586
10096,10097,-266887593#3,3.0,0.5996741609644829
10098,10099,-266887593#4,18.0,2.8114876424125517
10100,10101,-266887593#6,3.0,0.24800759013282733
10102,10103,-26729232#0,4.0,0.6499999999999997
10104,10105,-26729232#1,12.200000000000001,1.066666666666666
10106,10107,-26729232#2,37.0,13.254545454545454
10108,10109,-26729233#0,7.0,0.26666666666666644
10110,10111,-26766980#0,9.0,2.2584615384615385
10112,10113,-26766980#1,13.0,1.5026315789473685
10118,10119,-26809976#0,44.400000000000006,46.916666666666664
10120,10121,-26809976#1,45.8,60.5
10124,10125,-268133899#1,10.0,0.0
10130,10131,-268133899#4,1.0,0.0
10136,10137,-268133900#2,19.0,0.0
10138,10139,-268133900#3,3.0,0.0
10142,10143,-268133902,2.6,0.33333333333333326
10144,10145,-268133903#0,4.0,0.0
10146,10147,-268133903#1,2.0,0.0
10148,10149,-268133904#0,20.800000000000004,5.184668989547038
10150,10151,-268133904#1,30.0,11.259756097560974
10152,10153,-268133904#2,17.0,3.7256097560975596
10154,10155,-26814848#0,4.0,0.3333333333333333
10156,10157,-26814848#1,15.0,0.0
10158,10159,-26814848#2,5.0,0.3117581187010076
10160,10161,-26814848#4,6.0,0.693840985442329
10162,10163,-26814848#5,9.600000000000009,0.9527666736797811
10164,10165,-26972791,15.6,2.0
10166,10167,-26973015,5.0,0.25280185896863
10168,10169,-27195924#0,92.0,0.0
10170,10171,-27195924#1,23.0,0.0
10172,10173,-27195924#2,5.0,0.0
10178,10179,-27196044#0,18.0,2.9156245886534182
10180,10181,-27196044#1,9.0,1.117142857142857
10182,10183,-27196044#2,4.0,0.34714285714285725
10184,10185,-27196044#3,4.0,0.3617857142857143
10186,10187,-27196044#4,2.0,0.15170634920634926
10188,10189,-27196044#5,5.0,0.3778968253968252
10190,10191,-27196044#6,4.0,0.3586430678466075
10192,10193,-27196044#7,2.0,0.17541789577187808
10194,10195,-27196044#8,11.0,0.7819075712881023
10196,10197,-272255518#0,13.4,0.9166666666666665
10198,10199,-272255518#1,4.6,0.3333333333333335
10212,10213,-27267723,3.0,0.22960160132038684
10214,10215,-27267724,5.0,0.4109925386083638
10216,10217,-273078633,15.0,0.3333333333333333
10218,10219,-273078634#0,2.0,0.16363636363636364
10220,10221,-273078634#1,12.0,20.563636363636363
10222,10223,-273123309#0,33.0,938.654095869596
10224,10225,-273123312,18.400000000000002,4.2495543672014255
10226,10227,-273123315,99.8,54.699999999999996
10228,10229,-273123317,23.0,7.5075075075075075
10230,10231,-273123318,63.6,14.333333333333329
10232,10233,-273123319,13.0,0.0
10234,10235,-274823622#0,12.0,93.37662076365913
10236,10237,-274823622#0.70,19.0,276.17530339268313
10238,10239,-274823622#1,15.0,4.890427135678392
10240,10241,-274823622#10,10.0,2656.37023988006
10242,10243,-274823622#3,8.0,2.1286805299963207
10244,10245,-274823622#4,1.0,0.07568079564290789
10246,10247,-274823622#5,4.0,2.1880372838790674
10248,10249,-274823622#6,9.0,2.077061893381456
10250,10251,-274823622#9,4.0,0.3503590299417425
10252,10253,-274823623#0,9.0,1.5277777777777786
10254,10255,-274823623#1,3.8,0.5
10256,10257,-274823624#0,3.4000000000000004,0.24999999999999997
10258,10259,-274823624#1,14.2,0.7000000000000002
10260,10261,-274823625,5.0,0.0
10262,10263,-27761238#0,8.8,2.0
10264,10265,-27761238#1,3.0,0.0
10266,10267,-27761238#2,5.0,0.6025641025641023
10268,10269,-27761238#3,8.8,1.0
10270,10271,-27761238#4,12.0,0.0
10272,10273,-27761238#5,5.0,0.24999999999999992
10274,10275,-27761238#6,15.0,2.0
10276,10277,-27761238#7,16.4,3.0
10278,10279,-27781905,12.0,0.0
10280,10281,-27781907#0,11.8,0.5
10282,10283,-27781907#1,17.2,1.333333333333334
10292,10293,-27781947#2,10.0,0.0
10294,10295,-27781947#3,22.6,0.33333333333333304
10296,10297,-27781947#4,12.0,0.0
10298,10299,-27781947#5,15.0,0.0
10300,10301,-27782265#0,5.800000000000001,0.4761904761904761
10302,10303,-27782265#1,6.4,0.6666666666666665
10306,10307,-27782265#2,3.0,0.7
10308,10309,-27782265#3,6.4,4.699999999999999
10310,10311,-27782265#6,7.6,0.3333333333333335
10312,10313,-27782265#7,7.6,1.0
10314,10315,-27782265#8,4.0,0.0
10316,10317,-27782265#9,29.0,0.0
10318,10319,-27825198,7.0,0.0
10320,10321,-27825199,4.8,0.5
10324,10325,-27825202#0,7.2,0.9333333333333336
10326,10327,-27825202#2,9.0,0.6222222222222226
10328,10329,-27825202#3,6.0,0.26923076923076916
10332,10333,-27825654#1,22.800000000000008,224.14285714285714
10334,10335,-27825654#3,6.0,0.0
10336,10337,-27825654#4,8.0,0.0
10338,10339,-27825654#5,4.0,0.0
10340,10341,-27825654#6,5.0,0.30000000000000004
10348,10349,-27830333#1,24.0,116.13318789054085
10350,10351,-27866012#0,68.0,88.91666666666669
10352,10353,-27866012#1,7.0,5.054545454545454
10354,10355,-27866014,9.0,8.966666666666665
10356,10357,-27866016,104.60000000000001,70.91666666666669
10360,10361,-27872579#0,8.0,0.9333333333333336
10362,10363,-27872579#1,4.0,0.65
10364,10365,-27872579#2,8.0,1.2087912087912085
10366,10367,-27872579#3,6.600000000000001,0.7435897435897436
10368,10369,-27872582,12.0,1.8076923076923075
10378,10379,-27872583#4,18.0,0.0
10380,10381,-27872584#0,5.0,0.5418719211822663
10382,10383,-27872584#1,5.0,0.3103448275862069
10384,10385,-27872584#2,5.0,0.2906403940886699
10386,10387,-27872584#3,4.0,0.3201970443349755
10388,10389,-27872584#4,4.0,0.2586206896551725
10390,10391,-27893434#0,8.2,0.5000000000000002
10392,10393,-27893434#1,4.0,0.0
10394,10395,-27893434#2,6.0,0.0
10396,10397,-27893434#3,5.0,0.0
10398,10399,-27893434#4,3.0,0.0
10400,10401,-27893434#5,7.0,0.0
10402,10403,-27893434#6,4.0,0.33333333333333337
10404,10405,-27894322#0,28.0,12.5
10408,10409,-27914965#0,33.8,31.75824175824176
10410,10411,-27914965#2,14.0,2.6190476190476186
10414,10415,-27998320#0,3.0,2.619047619047619
10416,10417,-27998320#1,14.0,0.0
10418,10419,-27998322#0,19.0,2.7
10420,10421,-27998322#1,2.0,0.28571428571428575
10422,10423,-27998675#2,11.0,13.818181818181818
10424,10425,-27998675#4,12.0,1.1428571428571428
10426,10427,-27998675#5,30.4,4.5
10428,10429,-27998676#0,6.800000000000001,47.983870967741936
10430,10431,-27998676#1,1.0,0.20797720797720795
10432,10433,-27998676#2,5.0,0.7536231884057981
10434,10435,-27998676#3,5.0,0.4565217391304349
10436,10437,-27998676#4,5.0,0.5933333333333333
10448,10449,-28013743#4,3.0,0.0
10452,10453,-28013743#6,3.0,0.0
10456,10457,-28013743#8,3.0,0.0
10458,10459,-28013743#9,3.2,2.333333333333333
10462,10463,-28013748#1,1.0,0.0
10464,10465,-28013748#10,5.0,0.9166666666666666
10466,10467,-28013748#2,3.0,0.0
10468,10469,-28013748#3,4.0,0.0
10470,10471,-28013748#4,3.8,0.5
10472,10473,-28013748#5,4.0,1.125
10474,10475,-28013748#6,4.2,0.2
10476,10477,-28013748#7,3.6000000000000005,1.6428571428571426
10478,10479,-28013748#8,4.0,0.33333333333333326
10480,10481,-28013748#9,4.0,0.25000000000000006
10482,10483,-28014156#1,80.60000000000001,73.5833333333333
10484,10485,-28014167#0,86.8,37.33333333333333
10488,10489,-28014167#3,24.0,0.0
10490,10491,-28014170#1,50.0,12.5
10494,10495,-28035146#1,6.6,2.333333333333333
10496,10497,-28098600#0,1.0,0.08333333333333333
10498,10499,-28098600#1,4.0,4.931818181818182
10502,10503,-28098609#1,4.0,0.3
10504,10505,-28098609#2,8.400000000000002,12.0
10508,10509,-28111851#1,6.0,1.6666666666666667
10510,10511,-28111930#0,4.0,0.0
10516,10517,-28111977#1,30.4,84.5
10520,10521,-28111977#2,63.0,58.33333333333333
10522,10523,-28111977#4,32.0,0.0
10524,10525,-28111977#5,35.0,0.0
10528,10529,-28111977#7,37.6,2.0
10534,10535,-28114237,26.400000000000002,397.0
10536,10537,-28114295#0,12.0,0.3333333333333335
10538,10539,-28114295#1,7.6,2.0
10540,10541,-28119595#2,28.0,0.0
10548,10549,-28124258#0,23.0,29.770739064856695
10550,10551,-28124258#1,7.0,1.6488005997001496
10552,10553,-28124258#2,20.400000000000006,4.326864147088866
10554,10555,-28124570#0,15.6,4.333333333333332
10556,10557,-28124570#1,23.8,18.0
10568,10569,-28124570#7,12.0,0.0
10570,10571,-28124570#8,11.0,0.0
10572,10573,-28124571#0,51.2,40.5
10574,10575,-28124571#1,5.8,0.5
10576,10577,-28124571#2,5.8,0.5
10578,10579,-28124571#3,9.6,2.0
10584,10585,-28124729#2,7.0,0.0
10586,10587,-28124764#0,3.200000000000001,3.0
10588,10589,-28124764#1,19.0,3.666666666666666
10590,10591,-28124764#2,5.800000000000001,0.9047619047619048
10592,10593,-28124764#3,7.6000000000000005,0.4107142857142857
10594,10595,-28124764#4,3.0,0.0
10596,10597,-28124854#0,46.0,477.7085523172479
10598,10599,-28124882,32.6,8.0
10600,10601,-28132014#0,15.0,126.2337145544468
10602,10603,-28132014#1,10.0,58.74634928673928
10604,10605,-28132014#2,8.0,1.5958910397990576
10606,10607,-28132244#0,3.0,0.2666666666666667
10608,10609,-28132244#1,5.0,0.6958333333333334
10610,10611,-28132718,6.0,0.28571428571428553
10612,10613,-28132718.37,3.0,0.0
10616,10617,-28132749#1,2.0,0.33333333333333337
10618,10619,-28132749#2,2.0,0.0
10620,10621,-28132813,14.0,10.0
10624,10625,-28133036#0,8.2,1.3
10626,10627,-28133036#1,19.0,0.33333333333333304
10628,10629,-28133087,24.0,0.0
10630,10631,-28133099,31.0,23.75824175824176
10632,10633,-28133108#0,4.0,0.0
10634,10635,-28133108#1,3.0,0.0
10636,10637,-28133108#2,3.0,0.0
10638,10639,-28133112#0,7.0,0.2
10640,10641,-28133112#1,2.0,0.0
10642,10643,-28133112#2,1.0,0.0
10644,10645,-28133141,26.6,12.952380952380954
10646,10647,-28133152#0,21.0,24.895833333333332
10648,10649,-28133152#1,10.600000000000001,2.0000000000000004
10650,10651,-28133177#0,24.8,18.0
10654,10655,-28133179,23.0,0.0
10656,10657,-28133181#0,14.0,0.0
10658,10659,-28133181#1,6.8,0.5
10662,10663,-28161024#0,4.6,2.333333333333333
10664,10665,-28161024#1,10.0,0.0
10666,10667,-28161024#2,8.6,0.3333333333333335
10668,10669,-28161026#0,7.6,1.0
10670,10671,-28161026#1,5.2,1.3333333333333335
10672,10673,-28161026#2,7.0,0.0
10674,10675,-28161026#3,4.2,1.3
10676,10677,-28161026#4,9.0,0.30000000000000004
10678,10679,-28161026#5,10.0,0.7000000000000002
10680,10681,-28161026#6,8.0,0.6666666666666665
10682,10683,-28161027,31.0,0.0
10684,10685,-28161030,36.0,12.5
10686,10687,-28161077,8.0,0.3333333333333335
10688,10689,-28161105#0,54.000000000000014,899.5
10692,10693,-28161105#2,25.2,22.333333333333336
10694,10695,-28161139,35.800000000000004,193.0
10696,10697,-28161141#0,5.0,4.6571428571428575
10698,10699,-28161141#1,25.2,40.5
10700,10701,-28162357#1,3.0,0.33516483516483525
10702,10703,-28162375#1,3.0,0.0
10704,10705,-28162375#2,19.0,0.0
10708,10709,-28252424,3.6000000000000014,0.4183006535947712
10710,10711,-282532460#0,9.2,2.333333333333334
10712,10713,-282532460#1,11.0,0.0
10714,10715,-282532460#2,8.0,0.0
10718,10719,-28268964#0,10.4,3.0
10720,10721,-28268964#1,26.8,8.799999999999997
10726,10727,-28269269#2,13.0,1.333333333333333
10728,10729,-28269269#3,12.2,4.0
10730,10731,-28269269#4,15.4,9.333333333333332
10734,10735,-28269326#0,9.6,0.3333333333333335
10736,10737,-28269326#1,15.6,1.0
10738,10739,-28269326#2,17.4,4.5
10746,10747,-28269616#1,5.000000000000002,6.25
10748,10749,-28269616#2,10.600000000000001,10.142857142857144
10750,10751,-28269616#3,5.6,2.333333333333333
10752,10753,-28269616#4,3.0,0.33333333333333337
10754,10755,-28269620#0,16.0,0.0
10756,10757,-28269620#1,10.0,0.0
10758,10759,-28269620#2,24.0,0.0
10760,10761,-28269631,3.0,0.0
10762,10763,-28269810#0,7.0,0.6248830472489117
10764,10765,-28269810#1,10.0,1.2461837531802054
10766,10767,-283067359#0,2.0,0.0
10768,10769,-283067359#1,4.0,0.0
10772,10773,-283067359#3,5.4,0.24999999999999992
10774,10775,-283067359#4,5.0,0.9166666666666666
10776,10777,-283067359#5,21.0,1.9999999999999993
10778,10779,-283067359#6,2.0,0.25
10782,10783,-28319300#0,20.200000000000003,23.41052631578947
10784,10785,-28319300#1,5.0,0.5661764705882352
10786,10787,-28319300#2,9.0,1.7999999999999992
10788,10789,-28319300#4,4.200000000000001,1.1249999999999998
10790,10791,-28319300#5,6.0,0.19999999999999996
10792,10793,-28319300#6,3.0,0.7999999999999999
10794,10795,-28319300#7,4.6,0.33333333333333326
10796,10797,-28320823,16.2,3.155555555555557
10798,10799,-283470309,2.0,0.26785714285714285
10800,10801,-28390298,58.0,30.2
10802,10803,-28418763,19.0,12.455748796657888
10804,10805,-28418764,22.0,7208.738069989396
10806,10807,-284224051,2.0,0.2857142857142857
10810,10811,-284224052#1,1.8,0.5
10812,10813,-284224053,40.0,0.0
10814,10815,-284224054#0,23.8,10.000000000000002
10816,10817,-284224054#2,21.0,1.1250000000000002
10818,10819,-285548171#0,15.6,2.0
10820,10821,-285548171#1,3.0,0.0
10822,10823,-285549250#0,12.0,2.043367136614728
10824,10825,-285716192#0,6.600000000000023,0.5665861878289599
10826,10827,-285716192#1,2.0,0.25882293918579957
10828,10829,-28577490#0,4.0,0.2844702467343977
10830,10831,-28577490#1,3.0,1.4129172714078375
10832,10833,-28577490#3,2.0,0.40628192032686417
10834,10835,-286646181,30.0,7.600673400673406
10836,10837,-286646182,36.0,0.0
10838,10839,-286646184#0,9.600000000000001,0.6964285714285715
10840,10841,-286646185,42.4,23.2
10842,10843,-286646186#0,7.0,0.8825248392752773
10844,10845,-286646186#1,2.0,0.3781414377556984
10846,10847,-286646187#0,1.0,0.0
10848,10849,-286646187#1,2.4000000000000012,9.799999999999999
10850,10851,-286646188#0,4.0,3.2747126436781606
10852,10853,-286646188#1,7.800000000000001,5.840909090909091
10854,10855,-286646188#2,3.400000000000002,3.0
10856,10857,-286646188#3,3.0,1.3333333333333333
10862,10863,-286646190#0,12.0,5.344444444444444
10864,10865,-286646190#1,34.2,23.443333333333317
10866,10867,-286646191#0,140.2,216.6999999999999
10870,10871,-286646191#2,10.0,0.9166666666666666
10872,10873,-286646191#3,7.0,0.5000000000000001
10874,10875,-286646456#0,4.0,0.326267806267806
10876,10877,-286646456#2,4.0,0.4126236457842673
10878,10879,-286646456#3,3.0,0.4413729128014843
10882,10883,-28738529#1,9.200000000000001,40.5
10884,10885,-28738529#12,5.0,5.766666666666667
10886,10887,-28738529#13,2.0,0.0
10890,10891,-28738529#15,16.0,0.0
10892,10893,-28738529#2,4.0,0.0
10894,10895,-28738529#3,4.0,0.0
10902,10903,-28738529#8,16.8,4.333333333333334
10904,10905,-28738529#9,2.0,0.0
10924,10925,-28740443#0,13.000000000000005,161.83928571428572
10926,10927,-28740443#1,2.6,2.0
10932,10933,-28763451#1,4.0,9.761677419354841
10934,10935,-28763451#2,2.0,1.530321204851393
10936,10937,-28781036#0,3.0,0.0
10942,10943,-28781036#4,7.0,1.8666666666666667
10944,10945,-28781036#5,6.4,0.9166666666666666
10946,10947,-28781036#6,4.0,0.24999999999999994
10948,10949,-28781036#7,8.0,1.2678571428571426
10950,10951,-288193337#0,6.0,0.0
10952,10953,-288193337#1,17.8,3.0
10954,10955,-288213479,7.0,0.0
10956,10957,-288213480#0,10.0,0.0
10960,10961,-288213480#2,4.0,0.0
10962,10963,-28845091#0,34.2,68.1
10964,10965,-28845091#1,7.0,0.24999999999999992
10966,10967,-28845091#2,12.8,21.7
10968,10969,-28845091#3,47.0,0.0
10970,10971,-28845095#0,89.0,38.30000000000001
10972,10973,-28845095#2,9.0,0.3333333333333335
10978,10979,-28970268#0,2.2,0.5
10980,10981,-28970268#1,9.0,0.33333333333333304
10988,10989,-289878517#1,5.0,0.0
10990,10991,-289878518,17.0,0.0
10992,10993,-289879699,7.6,2.0
10994,10995,-29001352,5.4,0.6111111111111113
10996,10997,-29027727#0,4.0,0.3987012987012986
10998,10999,-29027727#1,6.0,1.4168831168831164
11000,11001,-29027727#2,9.0,6387.207977207976
11002,11003,-29027727#4,3.0,0.4852941176470589
11004,11005,-29027727#5,1.0,0.16249999999999998
11006,11007,-29027727#6,5.0,0.9291666666666667
11008,11009,-29027727#7,3.0,0.8104575163398693
11010,11011,-29027727#8,5.0,1.466666666666667
11012,11013,-29027727#9,24.00000000000001,6929.360294117647
11014,11015,-29027839#0,16.0,3.238095238095238
11016,11017,-29027839#1,6.0,0.6952380952380952
11018,11019,-29027839#2,7.0,0.8000000000000008
11020,11021,-29027936#1,31.0,246.76716750592905
11022,11023,-29048562#1,16.0,48.210450089126574
11024,11025,-29119851#0,4.0,0.6590895423657462
11026,11027,-29119851#1,3.0,0.26307629970227064
11028,11029,-29119898,4.0,0.0
11030,11031,-29146979#1,115.0,1736.6666666666667
11032,11033,-29146979#2,2.0,0.2777777777777778
11034,11035,-29146979#3,1.0,0.0
11036,11037,-29146979#4,10.2,5.377777777777776
11040,11041,-29187258#0,8.0,0.0
11044,11045,-29187258#2,3.0,0.6944444444444444
11046,11047,-29187258#3,5.6,2.0
11050,11051,-29187258#5,4.0,0.19444444444444448
11052,11053,-29187258#6,3.4000000000000004,1.1428571428571428
11054,11055,-29187258#7,6.0,0.0
11056,11057,-29205272#0,58.6,40.33333333333333
11058,11059,-29205272#1,27.0,8.333333333333336
11066,11067,-29205272#2,17.6,2.333333333333335
11082,11083,-29205273#0,29.0,779.0322580645162
11084,11085,-29205273#1,5.0,0.6324110671936759
11086,11087,-29205273#2,15.8,2.696969696969695
11088,11089,-29205273#5,10.0,1.2888888888888892
11090,11091,-29205273#6,8.8,2.0000000000000004
11098,11099,-29205275,9.0,0.33333333333333304
11102,11103,-29212862#1,36.60000000000001,143.71964000911365
11104,11105,-29212862#2,16.0,5.040104286481095
11106,11107,-29212920,56.0,38.666666666666664
11108,11109,-29213366,3.0,0.3631298449612403
11110,11111,-29213411,12.0,5.333333333333334
11112,11113,-29213449#0,4.0,0.41007402266944243
11114,11115,-29213449#1,3.0,0.3264980633401686
11116,11117,-29213449#2,2.0,0.4281170483460559
11118,11119,-29213449#3,3.0,0.2634744390469581
11120,11121,-29213477#0,12.0,1.7499999999999998
11122,11123,-29213477#1,23.4,9.66666666666667
11124,11125,-29213811,6.0,0.5611532857909676
11126,11127,-29213889,3.0,0.28716775452526744
11130,11131,-29238184#0,2.0,0.16666666666666669
11132,11133,-29238184#1,3.0,0.3
11134,11135,-29238187#0,145.0,14669.162500000004
11136,11137,-29238187#1,9.4,1.1703296703296706
11138,11139,-29238187#2,13.0,0.0
11140,11141,-29238188#0,4.0,548.6881898852894
11142,11143,-29238188#0.32,1.0,0.7009595267296732
11144,11145,-29238188#1,4.0,1425.6860122601706
11146,11147,-29238188#2,10.0,1663.944563758389
11148,11149,-29238188#3,7.0,4934.706752345981
11150,11151,-29254382#0,13.8,0.5
11156,11157,-29254384#0,7.0,0.0
11160,11161,-29254494,48.2,8.0
11164,11165,-29254505#0,3.0,0.0
11170,11171,-29254533#0,12.0,0.0
11172,11173,-29254533#1,9.0,0.0
11178,11179,-29254586#0,7.0,0.33333333333333326
11180,11181,-29254586#1,2.8,0.5
11182,11183,-29254586#2,13.2,1.3777777777777784
11184,11185,-29254586#3,5.0,0.2678571428571429
11186,11187,-29254586#30,6.0,0.4107142857142856
11188,11189,-29254586#4,3.0,0.2857142857142857
11190,11191,-29254590#0,12.0,0.0
11192,11193,-29254590#1,3.0,0.0
11194,11195,-29254590#2,8.6,2.0
11196,11197,-29254590#3,6.0,0.6380441264162192
11198,11199,-29254706#0,42.0,0.0
11200,11201,-29254706#0.212,59.400000000000006,40.28571428571429
11202,11203,-29254706#1,23.6,7.0849673202614385
11204,11205,-29254706#1.113,14.0,3.6380952380952367
11206,11207,-29254706#1.167,5.2,0.6222222222222223
11210,11211,-29254759#1,18.8,4.333333333333334
11212,11213,-29254771#0,30.2,8.0
11216,11217,-29254771#2,15.8,2.9166666666666665
11218,11219,-29254773,20.0,0.0
11220,11221,-29254786#0,8.0,0.0
11222,11223,-29254798#0,27.200000000000003,10.13421052631579
11224,11225,-29254818#0,2.0,0.30000000000000004
11226,11227,-29254835#0,1.4000000000000004,0.25
11228,11229,-29255794,9.0,2.322689075630252
11230,11231,-293162564#0,110.0,14886.153748116274
11232,11233,-293162564#1,4.0,3412.914205923709
11234,11235,-293162564#2,10.0,8626.706626479994
11236,11237,-293162564#3,6.0,2597.429559598528
11238,11239,-293162564#4,3.0,393.2953966616851
11240,11241,-293162564#5,3.0,89.96382957519684
11242,11243,-29353676#0,8.4,0.666666666666667
11244,11245,-29353676#1,4.8,0.5
11246,11247,-29353676#2,12.0,0.0
11248,11249,-29353679,7.0,0.0
11250,11251,-294213264,4.0,0.0
11252,11253,-294213265,5.2,2.0
11254,11255,-294213266,6.0,1.0909090909090908
11258,11259,-294213270#0,10.8,0.5
11260,11261,-294213270#1,6.4,0.9166666666666666
11262,11263,-29458096#1,24.0,61.32461538461539
11264,11265,-29458097#1,28.0,123.08253968253968
11266,11267,-29458645,10.0,5.420211170436143
11268,11269,-29459180#0,7.0,0.5853546910755149
11270,11271,-29459180#1,16.0,1.946359260984319
11272,11273,-29459182#0,10.0,0.8444444444444446
11274,11275,-29459182#1,10.0,0.6545454545454544
11276,11277,-297778952,2.0,0.19179284617072637
11306,11307,-30054268#0,14.0,2.5454545454545454
11308,11309,-30054268#1,9.0,0.6625000000000001
11310,11311,-30054268#2,7.0,0.2637362637362638
11312,11313,-30054268#3,16.0,0.8545454545454545
11314,11315,-30054268#4,7.0,0.41818181818181815
11320,11321,-30054346#0,7.0,0.2678571428571429
11322,11323,-30054346#1,4.0,1.1428571428571428
11324,11325,-30054351#0,8.0,4.8
11326,11327,-30054354,77.6,68.49999999999999
11328,11329,-30054386#0,11.200000000000001,3.55238095238095
11330,11331,-30054386#1,5.0,0.2777777777777778
11332,11333,-30054398#1,16.0,2.166666666666666
11334,11335,-30054398#2,5.0,3.4666666666666663
11336,11337,-30054410#0,26.6,44.33333333333333
11340,11341,-30054410#2,48.0,0.0
11342,11343,-30054437#0,6.0,0.26373626373626363
11344,11345,-30054437#1,4.0,0.24725274725274715
11346,11347,-30054437#2,22.0,3.0958333333333354
11348,11349,-30054443,55.6,13.071428571428573
11352,11353,-30054528#1,69.4,35.90476190476189
11354,11355,-30054528#2,5.400000000000002,9.0
11356,11357,-30054528#3,79.0,0.0
11360,11361,-30054829#0,24.0,4.638095238095238
11362,11363,-30054829#1,22.0,0.0
11364,11365,-30054837,15.4,4.5
11366,11367,-30054857,14.2,1.333333333333334
11368,11369,-30054884#0,8.0,1.901515151515152
11370,11371,-30054884#1,5.0,0.15151515151515152
11372,11373,-30054903#0,7.4,4.5
11374,11375,-30054903#1,7.0,0.0
11376,11377,-30054903#2,11.6,1.0
11378,11379,-30054903#3,18.200000000000003,6.202298850574712
11380,11381,-30054914#0,15.6,2.0
11382,11383,-30054914#1,18.2,8.0
11384,11385,-30054925#0,29.200000000000003,4.2857142857142865
11386,11387,-30054925#2,15.0,0.2666666666666668
11388,11389,-30056007#0,18.2,6.699999999999999
11390,11391,-30056007#1,13.0,1.0666666666666669
11392,11393,-30056007#2,12.0,2.6437908496732025
11394,11395,-30064385#1,10.0,0.0
11396,11397,-30064385#2,6.0,0.0
11398,11399,-30064385#3,8.0,0.0
11400,11401,-30068855,25.4,16.0
11402,11403,-30093831#0,9.0,4.625806451612904
11404,11405,-30093832#0,5.0,3.9698401162790686
11406,11407,-30093878,14.0,4.272214858550558
11408,11409,-30131199,6.0,0.41320429276126275
11410,11411,-30131200#1,2.0,0.22210403881177213
11412,11413,-30131200#2,14.0,13.201404655950103
11414,11415,-30131201,6.0,0.47839658657085116
11418,11419,-30136341#1,7.0,0.0
11420,11421,-30187448#0,4.0,0.41033805031446535
11422,11423,-30187448#1,16.0,2.361455108359132
11424,11425,-302753339#0,3.0,0.0
11426,11427,-302753648,3.0,1.2
11428,11429,-302879117#0,2.0,0.0
11430,11431,-302879117#1,5.0,0.0
11432,11433,-302879124,1.0,0.0
11436,11437,-302879156#1,5.0,0.0
11438,11439,-302879156#2,3.0,0.0
11440,11441,-302879162#0,3.0,0.0
11442,11443,-302879162#1,5.6,2.0
11444,11445,-302879162#2,1.8,0.5
11450,11451,-303155140#4,5.0,0.0
11452,11453,-303155140#5,4.8,0.5
11454,11455,-303155140#8,1.0,0.0
11456,11457,-30315720#0,22.6,4.614379084967319
11458,11459,-30315720#1,12.0,1.15359477124183
11460,11461,-30315925,2.0,9.155172413793101
11462,11463,-30315926#0,5.0,0.49261083743842365
11464,11465,-30315926#1,8.0,0.7216748768472907
11466,11467,-30315927,3.8000000000000007,1.0
11468,11469,-30315928#0,17.8,3.6060606060606077
11470,11471,-30315928#1,12.8,2.696969696969697
11478,11479,-303843488,3.8000000000000007,2.0
11480,11481,-303843501,1.0,0.0
11484,11485,-303843510#0,4.8,0.5
11486,11487,-303843510#2,1.0,0.0
11488,11489,-303843510#3,3.8,0.5
11490,11491,-30399316#0,3.0,4567.371636436116
11492,11493,-30399316#1,17.00000000000003,13287.755497973554
11494,11495,-30399316#2,5.0,8617.987012987009
11496,11497,-30399316#4,318.4000000000001,49631.382905228165
11498,11499,-30399316#5,14.0,7586.8537048084945
11500,11501,-30399663#0,1.0,0.08036984352773827
11502,11503,-30399663#1,11.0,63.04872646733111
11504,11505,-30404124,4.0,21.282594267034632
11506,11507,-304151838#0,2.0,0.26666666666666666
11508,11509,-304151838#1,1.4000000000000004,0.19444444444444448
11510,11511,-304151838#10,1.0,0.0
11512,11513,-304151838#11,1.0,0.0
11514,11515,-304151838#12,2.0,0.0
11516,11517,-304151838#2,2.0,0.28571428571428575
11518,11519,-304151838#3,1.0,0.14285714285714285
11520,11521,-304151838#4,1.0,0.0
11522,11523,-304151838#5,2.0,0.2857142857142857
11524,11525,-304151838#6,1.4000000000000004,0.25
11526,11527,-304151838#7,1.0,0.0
11528,11529,-304151838#8,2.0,0.0
11532,11533,-304151905,3.0,1.3333333333333333
11534,11535,-304151911,1.0,0.0
11536,11537,-304151923,2.0,0.0
11538,11539,-304151928,1.0,0.0
11542,11543,-304151947#2,4.0,0.0
11544,11545,-304151955#0,1.0,0.0
11546,11547,-304151955#1,5.6,2.0
11548,11549,-304151955#2,12.6,2.0
11550,11551,-30417783#0,14.0,0.0
11552,11553,-30417783#1,4.0,0.0
11554,11555,-30421297#0,9.6,0.3333333333333335
11560,11561,-30482614,2.0,0.29583333333333334
11562,11563,-30482615#0,4.0,0.5958333333333334
11564,11565,-30482615#1,15.0,5.929166666666666
11566,11567,-30482615#2,63.0,133.9
11568,11569,-30482615#3,7.0,2.266666666666667
11570,11571,-30482615#4,20.0,17.866666666666664
11572,11573,-30482615#5,6.6,0.3333333333333335
11576,11577,-30482626#0,15.4,2.356725146198829
11580,11581,-30482630#0,17.0,2.399999999999999
11582,11583,-30482630#1,9.8,0.9047619047619042
11584,11585,-30482630#2,11.600000000000001,2.3000000000000003
11586,11587,-30482630#3,2.0,0.0
11588,11589,-30482630#4,9.0,2.666666666666667
11590,11591,-30482633#0,8.8,0.5
11592,11593,-30482633#1,13.0,0.0
11594,11595,-30482638#0,5.0,0.40827538247566064
11596,11597,-30482638#1,6.0,0.49207232267037554
11598,11599,-30482638#10,1.0,0.19920494855238655
11600,11601,-30482638#11,9.0,0.9535182037189612
11602,11603,-30482638#12,13.0,1.9735584902937133
11604,11605,-30482638#13,10.0,0.9923073662795636
11606,11607,-30482638#14,4.0,0.5322530951638943
11608,11609,-30482638#2,6.0,0.49276937581324987
11610,11611,-30482638#3,4.0,0.38619369457358227
11612,11613,-30482638#4,4.0,0.556975289458377
11614,11615,-30482638#5,2.0,0.17851991744559467
11616,11617,-30482638#6,6.0,0.9305074772854056
11618,11619,-30482638#7,5.0,0.4093080377032479
11620,11621,-305496616#0,6.0,0.40873015873015855
11622,11623,-305496616#1,9.600000000000001,0.6913229018492176
11624,11625,-305496616#10,8.0,0.5404040404040402
11626,11627,-305496616#2,4.200000000000003,0.3564102564102564
11628,11629,-305496616#3,4.0,0.2506410256410256
11630,11631,-305496616#4,3.0,0.3548780487804876
11632,11633,-305496616#5,1.0,0.15795586527293842
11634,11635,-305496616#6,1.0,0.15803382663847781
11636,11637,-305496616#7,3.0,0.23678646934460884
11638,11639,-305496616#9,3.0,0.30179704016913317
11640,11641,-305496617#0,9.0,0.6233333333333332
11642,11643,-305496617#1,13.0,1.2253968253968248
11644,11645,-305496618#0,28.0,79.82650083576506
11646,11647,-305496618#2,3.0,0.27219366377293164
11648,11649,-305496618#3,6.0,2.241920112327263
11650,11651,-305496619#1,8.0,23.19881782770181
11652,11653,-305496619#2,8.0,0.8100733762116132
11656,11657,-306218237#0,163.6,410.9673202614379
11658,11659,-306240161#0,6.0,0.6212135649661978
11660,11661,-306240161#2,1.0,0.1947255712250999
11662,11663,-306240162#1,69.0,844.3963154699343
11664,11665,-306240162#2,14.0,143.24275539076996
11666,11667,-306240162#4,22.0,5.7885728145247946
11668,11669,-306384630,7.6,1.0
11670,11671,-306384636#0,5.2,2.333333333333333
11672,11673,-306384636#1,9.8,0.5
11674,11675,-306431310#0,2.0,0.156064385839867
11676,11677,-306431310#1,5.0,0.3517892364046209
11678,11679,-306431425#0,9.0,0.43297101449275344
11680,11681,-306431425#1,10.0,0.5797101449275364
11682,11683,-306431425#2,3.0,0.2536231884057972
11684,11685,-306431425#3,2.0,0.21557971014492755
11686,11687,-306726647#0,4.0,0.8563923474035832
11688,11689,-306726647#1,8.0,2.6783264033264027
11690,11691,-306793480#0,3.0,0.8
11692,11693,-306793480#1,2.0,0.3333333333333333
11694,11695,-306793480#2,2.0,0.0
11706,11707,-306793482,4.4,0.25000000000000006
11710,11711,-306793485,4.6,2.0
11712,11713,-306793486,2.0,0.0
11716,11717,-306793671,12.0,6.363636363636362
11718,11719,-306876891#0,4.0,0.0
11720,11721,-306876891#1,3.2,1.3333333333333335
11722,11723,-306876893#0,306.0,11490.571428571426
11724,11725,-306876893#1,117.0,3632.566666666667
11728,11729,-307010105#0,29.0,0.0
11736,11737,-307050880,13.2,1.3
11738,11739,-307050882#0,17.0,0.0
11740,11741,-307050882#1,4.0,0.2666666666666666
11742,11743,-307536275#0,83.0,124.9821428571428
11750,11751,-307562643#0,8.0,1.4666666666666668
11752,11753,-307562643#1,8.0,1.238095238095238
11754,11755,-307562643#2,2.0,0.3424561403508771
11756,11757,-307562643#3,6.0,0.9183980728696176
11758,11759,-307685696,2.0,0.16666666666666669
11760,11761,-307701133,6.2,8.0
11762,11763,-307837955#2,3.6,1.0
11764,11765,-307837955#3,3.0,0.0
11766,11767,-307837955#4,4.0,0.0
11772,11773,-307837955#7,2.0,0.0
11774,11775,-30820056,6.0,0.49879007864488845
11778,11779,-30820747#1,23.0,0.0
11780,11781,-30820747#2,3.0,0.0
11784,11785,-30820919#0,2.0,0.4175824175824176
11786,11787,-30820932#1,3.8,0.5
11788,11789,-30821338,74.0,118.96666666666663
11790,11791,-308849647#0,60.0,1229.5895628489707
11792,11793,-308849647#1,34.40000000000009,943.1904296430213
11794,11795,-308883778,40.8,38.916666666666664
11798,11799,-309370389#1,3.2,0.7
11800,11801,-309370389#2,2.6,0.33333333333333337
11802,11803,-309370389#3,2.0,0.0
11804,11805,-309370389#4,1.0,0.0
11806,11807,-309370390#0,1.0,0.0
11812,11813,-309370390#3,4.0,0.0
11816,11817,-309370390#5,2.4000000000000004,0.25000000000000006
11818,11819,-309370390#6,2.0,0.0
11820,11821,-310200370,1.0,0.0
11822,11823,-31021477#0,11.0,2.727729943966106
11824,11825,-31021477#1,3.0,0.284105507721744
11826,11827,-31021477#2,13.0,0.9583834656827361
11828,11829,-31025769#2,36.0,0.0
11830,11831,-31026158#2,20.4,25.333333333333336
11832,11833,-31026158#3,2.0,0.0
11834,11835,-31026158#4,2.0,0.0
11842,11843,-31026158#8,2.8,0.5
11846,11847,-312301369,6.0,0.0
11848,11849,-312301373,2.0,0.0
11850,11851,-31342351#1,49.20000000000002,509.39543577483147
11852,11853,-31343367#1,12.0,22.329166666666662
11854,11855,-31343381#0,6.0,2.884920634920635
11856,11857,-31343450,5.0,0.4446988779482481
11868,11869,-31355478#5,67.0,97.09090909090911
11870,11871,-31355478#6,58.4,32.0
11876,11877,-31355490#0,50.0,12.5
11882,11883,-31355495#1,125.8,511.0
11884,11885,-31355495#2,35.0,33.01818181818183
11890,11891,-31355765,2.0,0.0
11894,11895,-31362504#2,5.0,2.69
11896,11897,-31362504#4,6.0,1.7272727272727266
11898,11899,-31362504#5,3.200000000000001,1.5999999999999999
11900,11901,-31362504#6,3.0,0.6363636363636364
11902,11903,-31362504#7,9.0,0.2857142857142857
11904,11905,-31362731#0,10.0,0.0
11906,11907,-31362731#1,16.0,0.3333333333333333
11908,11909,-31362731#2,16.0,0.9166666666666665
11910,11911,-31362731#3,4.2,1.3333333333333335
11912,11913,-31363129#0,3.0,0.30411468992625756
11914,11915,-31363129#1,1.0,0.15074675957509012
11918,11919,-31402308#0,3.0,0.7087912087912086
11920,11921,-31402308#1,2.0,0.42307692307692313
11922,11923,-31402308#2,6.0,2.266666666666667
11924,11925,-31402308#3,5.6000000000000005,4.8
11926,11927,-31403616#0,56.2,26.333333333333343
11928,11929,-31403616#1,42.2,6.2435897435897445
11930,11931,-31403616#2,44.400000000000006,6.060606060606062
11932,11933,-31403616#3,5.0,0.5131578947368421
11934,11935,-31404757,25.6,2.333333333333333
11936,11937,-31404759#0,2.0,0.14285714285714285
11938,11939,-31404759#1,9.0,1.9523809523809526
11940,11941,-31404759#2,5.0,0.28571428571428564
11942,11943,-31404759#3,6.0,0.5714285714285713
11944,11945,-31404759#4,2.0,0.0
11946,11947,-31404759#5,3.0,0.2380952380952381
11948,11949,-31404759#6,4.8,0.5
11950,11951,-31404759#7,7.8,0.5
11952,11953,-31404759#8,14.4,4.5
11954,11955,-31404760#0,11.0,1.3626373626373627
11956,11957,-31404760#1,5.0,0.6428571428571428
11958,11959,-31404762#0,5.0,0.0
11962,11963,-31404762#2,1.4000000000000004,0.25
11964,11965,-31404762#3,8.0,0.0
11966,11967,-31404762#4,2.0,0.0
11968,11969,-31404767#0,19.0,0.0
11970,11971,-31404767#1,3.0,0.0
11974,11975,-31404770#0,28.2,8.0
11976,11977,-31404770#1,9.0,0.0
11978,11979,-31470281,27.0,0.0
11980,11981,-314970097,3.0,0.25695048036250284
11982,11983,-314970098#0,5.0,0.43838340378275614
11984,11985,-314970098#1,7.0,1.0976620869696656
11986,11987,-315215982,20.0,12.0
11988,11989,-315358242#0,7.0,0.711007768902506
11990,11991,-315358242#1,7.0,0.8028361117124924
11992,11993,-315358242#2,8.0,0.8658547887819991
11994,11995,-315358242#3,4.0,0.27606229711492897
11996,11997,-315358242#4,7.0,0.5706893139248254
11998,11999,-315358243#1,3.0,3.1282267998008235
12000,12001,-315358244,2.0,0.2566897983431368
12002,12003,-315358245,3.0,0.26127090301003325
12004,12005,-315358246,7.0,0.7342012389512638
12006,12007,-315358247#1,17.0,79.0581255174697
12008,12009,-315358248#0,3.0,0.3470160215126656
12010,12011,-315358248#1,5.0,0.3885499288183856
12012,12013,-315358250,8.0,3.9042160865901883
12014,12015,-315358251#0,4.0,0.2340125514946847
12016,12017,-315358251#1,6.0,1.0814811906070836
12018,12019,-315358252#0,8.0,0.831786068780289
12020,12021,-315358252#1,6.0,1.2407847946045372
12022,12023,-315358253#0,3.0,0.26624183671163526
12024,12025,-315358253#1,6.0,0.3310961968680089
12026,12027,-315358254#0,15.0,2.189042053740885
12028,12029,-315358255#0,7.0,0.6021690727573075
12030,12031,-315358255#1,3.0,0.4544089558031934
12032,12033,-315358255#2,3.0,0.4952134700033859
12034,12035,-315358255#3,11.0,3.104166666666665
12036,12037,-315358257#0,6.0,4.123895099441051
12038,12039,-315358257#2,7.0,31.930534732633664
12040,12041,-315358258,16.0,3.2408424908424887
12044,12045,-315392062#0,5.0,0.4680087701813835
12046,12047,-315392062#1,4.0,0.27293867517108494
12048,12049,-315392062#2,1.0,0.23172413793103436
12050,12051,-315392062#3,5.0,0.5223905388346286
12052,12053,-315392062#4,10.0,1.1471995216264697
12054,12055,-31620259,82.0,1243.1928946290989
12056,12057,-317614084#0,1.0,0.0
12058,12059,-317614084#1,6.0,0.25
12060,12061,-31773007,10.0,0.0
12062,12063,-31860333#0,14.0,0.0
12072,12073,-318763112,3.2,1.2
12074,12075,-318763113,4.0,0.0
12076,12077,-31952420#1,46.4,20.333333333333325
12080,12081,-31959308#1,3.0,0.8571428571428571
12082,12083,-31959308#2,7.0,3.6883116883116895
12084,12085,-31959308#3,3.6000000000000005,0.8571428571428574
12086,12087,-31959308#4,5.800000000000001,0.9047619047619045
12088,12089,-31959308#5,15.0,4.166666666666665
12092,12093,-31969997#1,24.0,1.333333333333334
12094,12095,-31969997#2,6.8,0.5
12096,12097,-31969997#4,7.800000000000004,40.333333333333336
12098,12099,-31970000,3.8,0.5
12100,12101,-31982513#0,10.0,3.766666666666667
12102,12103,-31982513#1,4.0,1.8
12106,12107,-32006927#2,6.0,0.0
12108,12109,-32008983,1.8000000000000043,0.1975867269984917
12110,12111,-32009682,9.0,8.49211876832845
12112,12113,-32009683#0,6.0,0.9647429314712116
12114,12115,-32021365#0,11.0,1.209211170994611
12116,12117,-32021365#1,17.0,3.2458276223494322
12118,12119,-32021365#3,8.0,1.4882286543578176
12120,12121,-32021408,10.0,1.2859130376479264
12122,12123,-32061928#0,4.200000000000001,0.42857142857142855
12124,12125,-32061928#1,5.0,0.8304093567251465
12126,12127,-32061928#2,12.0,1.4315789473684215
12128,12129,-32061928#4,8.0,0.6233766233766238
12130,12131,-32061928#5,5.0,0.19507575757575754
12132,12133,-32061928#6,2.0,0.18151260504201686
12134,12135,-32061928#7,14.0,2.087394957983194
12136,12137,-32061928#8,1.0,0.18847795163584638
12138,12139,-32061997,14.0,3.872483544269009
12140,12141,-32062034#3,57.60000000000001,603.1599099099103
12142,12143,-32062034#4,6.0,39.49526440410417
12160,12161,-320733897,3.0,1.3118243646342898
12162,12163,-320733900#0,4.0,0.3
12164,12165,-320733900#1,4.2,0.17777777777777795
12166,12167,-320733900#4,2.0,0.0
12168,12169,-320733900#5,1.0,0.14102564102564105
12170,12171,-320733900#6,9.0,0.8076923076923079
12172,12173,-320733900#7,20.0,3.9560439560439566
12174,12175,-320733900#9,6.0,0.43956043956043966
12176,12177,-320733901#0,1.0,0.13186813186813187
12178,12179,-320733901#1,4.0,0.3736263736263735
12180,12181,-320733901#2,4.0,0.15384615384615385
12182,12183,-320733903#1,6.0,0.7777777777777783
12184,12185,-320733903#2,3.0,0.24561403508771906
12186,12187,-320733903#3,9.0,0.5368421052631579
12188,12189,-320733905#0,4.0,0.2299498746867168
12190,12191,-320733905#1,6.0,0.4310776942355889
12192,12193,-320733905#2,2.0,0.21679197994987473
12194,12195,-320733906#0,3.0,0.21428571428571425
12196,12197,-320733906#2,2.0,0.14724310776942356
12198,12199,-320733908,6.0,0.5897435897435898
12200,12201,-320733909#0,4.0,0.22619047619047616
12202,12203,-320733909#1,6.0,0.7023809523809524
12204,12205,-320733909#2,7.800000000000004,6.6388888888888875
12206,12207,-320733910#0,2.0,0.17391304347826084
12208,12209,-320733910#1,13.600000000000001,3.2687747035573125
12210,12211,-320733910#2,19.0,3.6896551724137963
12212,12213,-320733911#0,6.0,0.26923076923076916
12214,12215,-320733911#1,12.600000000000001,1.435897435897436
12216,12217,-320733911#2,5.0,1.3560606060606066
12218,12219,-320733911#3,7.0,0.6956521739130433
12220,12221,-320733911#4,3.0,0.4071146245059288
12222,12223,-320733911#5,2.0,0.2490118577075099
12224,12225,-320733917#0,24.0,0.0
12226,12227,-320733917#1,17.6,7.0
12228,12229,-320733917#2,13.0,4.25
12230,12231,-32084380,7.4,0.6666666666666666
12232,12233,-32115351,6.0,0.0
12234,12235,-32115605,12.0,0.0
12236,12237,-32124744,5.0,0.5984999255688247
12238,12239,-32124745,3.0,0.35068603712671537
12242,12243,-32140179#0,3.0,0.23184079601990043
12244,12245,-32140179#1,10.0,1.1799142405777472
12246,12247,-32140180,19.0,3.3605249038719456
12248,12249,-32140253,5.0,1.6236140245729704
12250,12251,-32140256#0,8.0,0.7428571428571428
12252,12253,-32140256#1,11.200000000000001,1.9714285714285713
12254,12255,-32140444#0,3.0,0.2587331159757801
12256,12257,-32140444#2,8.0,0.7863463969658658
12258,12259,-32140444#3,18.0,3.2601137800252835
12260,12261,-32140444#4,16.0,2.4512694512694493
12262,12263,-32140444#5,12.0,1.5908271908271903
12264,12265,-32141019,1.0,0.3076923076923077
12266,12267,-32141020#0,7.0,0.0
12268,12269,-32141020#1,4.0,0.0
12270,12271,-32199969#0,4.0,0.07142857142857145
12272,12273,-32199969#1,2.4000000000000004,0.18131868131868129
12274,12275,-32199969#2,2.0,0.1318681318681319
12276,12277,-32199969#3,4.0,0.26373626373626374
12278,12279,-32199969#4,18.0,2.0274725274725283
12280,12281,-32199969#5,8.0,0.6788461538461541
12282,12283,-32199989,8.0,0.6072115384615386
12284,12285,-32200003,15.0,0.0
12286,12287,-32200414#0,8.0,0.7428571428571429
12288,12289,-32200415#0,5.0,0.0
12290,12291,-32200415#1,3.0,0.5714285714285714
12292,12293,-32200983#0,16.0,8.857142857142861
12294,12295,-32200983#1,30.0,20.030755314337405
12298,12299,-32201044#0,6.0,0.0
12300,12301,-32201044#1,4.0,1.5327635327635332
12302,12303,-32201044#2,2.0,0.32258064516129015
12304,12305,-32201044#4,5.0,1.1522177419354842
12306,12307,-32201172#0,23.8,138.03003003003002
12308,12309,-32201172#1,5.800000000000001,13.36786786786787
12310,12311,-32202011#0,2.0,6.935384615384617
12312,12313,-32202011#1,2.0,0.2661538461538462
12314,12315,-32202510#0,7.0,0.45714285714285746
12316,12317,-32202510#1,5.0,0.9973684210526316
12318,12319,-32202763,3.0,0.0
12320,12321,-32202927#0,14.2,3.2888888888888896
12322,12323,-32202927#1,6.0,1.0641025641025639
12324,12325,-32202927#2,16.0,9.485729386892178
12326,12327,-32202968#0,535.0,25132.0
12328,12329,-32202968#1,37.8,0.5
12330,12331,-32203022,12.0,0.0
12332,12333,-32203204,73.0,0.0
12336,12337,-32203701#0,5.0,0.33333333333333326
12338,12339,-32203701#1,5.0,0.6190476190476192
12340,12341,-32203701#2,6.0,0.5714285714285713
12342,12343,-32203701#3,4.0,0.5714285714285714
12344,12345,-32203701#4,8.8,0.23809523809523825
12346,12347,-32203888#0,6.0,0.21818181818181834
12348,12349,-32203888#1,8.0,0.41071428571428575
12350,12351,-32203888#2,13.0,1.4999999999999998
12352,12353,-32203888#3,3.0,0.27777777777777773
12354,12355,-32203959#0,12.0,1.5282392026578073
12356,12357,-32203959#1,7.0,0.6809269162210337
12358,12359,-32203959#3,5.0,0.3954022988505751
12360,12361,-32203959#4,20.0,3.6944444444444446
12362,12363,-32203959#6,4.0,0.4000000000000001
12364,12365,-32203959#7,11.0,1.2499999999999998
12366,12367,-32226141#0,6.4,0.6944444444444444
12370,12371,-32234776#0,3.0,0.9666666666666668
12372,12373,-32234776#1,4.800000000000001,0.9047619047619048
12374,12375,-32234776#2,8.0,0.7
12382,12383,-32274767#0,13.0,1.6842105263157898
12384,12385,-32274767#1,3.0,0.6284584980237155
12386,12387,-32274767#2,2.0,0.5625
12388,12389,-32274767#3,7.0,2.6666666666666665
12390,12391,-32350852#0,5.0,0.42972253052164344
12392,12393,-32350852#1,5.0,0.4177985866650364
12394,12395,-32350852#1.43,6.0,1.1542526707488563
12396,12397,-32350852#3,8.0,1.5171134788337066
12398,12399,-32350901#0,3.0,0.2342342342342343
12400,12401,-32350901#1,8.0,0.7246300211416488
12402,12403,-32350901#2,9.0,1.1212560386473427
12404,12405,-32350901#3,4.0,0.31637372802960223
12406,12407,-32350901#4,5.400000000000006,0.5204081632653058
12408,12409,-32350901#5,3.4000000000000057,0.30187074829931965
12410,12411,-32350901#6,2.0,0.20833333333333337
12412,12413,-32350901#7,7.0,3.4625850340136055
12414,12415,-32395288#1,11.8,4.333333333333332
12420,12421,-32395327#1,53.6,144.5
12424,12425,-32395361#1,21.4,32.0
12426,12427,-32395414#0,26.0,0.0
12428,12429,-32395414#1,7.0,0.0
12432,12433,-324206932,6.0,0.0
12434,12435,-325057234,3.6,0.33333333333333326
12438,12439,-32509968#0,13.0,10.418181818181818
12440,12441,-32509968#1,18.400000000000006,69.69642857142857
12442,12443,-32509968#3,11.0,0.0
12444,12445,-32509968#5,15.0,0.0
12446,12447,-32530108#0,3.0,1.061013119076015
12448,12449,-32530108#1,5.0,0.3392613283674736
12450,12451,-32530108#2,4.0,0.37489257213014116
12452,12453,-32530108#3,13.0,1.7732708735188747
12454,12455,-32530108#4,8.0,0.6877036483093848
12456,12457,-32530108#5,6.0,0.46560012819828045
12458,12459,-32530113#0,10.0,19.817241379310342
12460,12461,-32530113#1,2.0,0.28160919540229884
12462,12463,-32530113#2,9.0,0.0
12466,12467,-32530113#5,12.0,0.9166666666666665
12470,12471,-32530113#7,24.8,4.333333333333335
12472,12473,-32545811,6.0,1.9999999999999998
12482,12483,-32597384#1,12.0,0.0
12484,12485,-32597384#2,9.8,3.0
12486,12487,-32597384#3,16.0,0.0
12488,12489,-32598753,7.0,0.0
12490,12491,-32598755#0,3.0,0.24725274725274707
12492,12493,-32598755#1,4.0,1.8
12494,12495,-32598755#2,10.0,0.0
12496,12497,-32598755#3,10.8,0.5
12502,12503,-32684155#0,49.2,20.42307692307692
12504,12505,-32684155#1,259.2,297.69642857142856
12506,12507,-32684156#0,2.0,0.18064516129032254
12508,12509,-32684156#1,27.0,8.146236559139789
12510,12511,-32684156#2,37.0,12.051612903225806
12512,12513,-32684156#3,16.0,4.581081081081082
12514,12515,-32684156#4,6.0,3.0985155195681524
12516,12517,-32684156#5,113.0,131.03384615384613
12518,12519,-32684156#6,83.0,42.85294117647063
12520,12521,-32684157,13.8,1.1428571428571437
12524,12525,-32728752,6.0,0.3333333333333333
12526,12527,-32787437#0,15.8,0.5
12528,12529,-32787437#1,17.2,8.0
12530,12531,-32787437#2,7.0,0.0
12532,12533,-32787437#4,11.2,0.7
12534,12535,-32875547#0,43.0,23.215579710144933
12536,12537,-32875547#1,1.0,0.11666666666666671
12538,12539,-32881184,1.6000000000000014,0.17460317460317457
12542,12543,-32883444#1,6.0,0.0
12546,12547,-329028996#1,13.4,5.333333333333334
12548,12549,-329028998,38.0,16.213820078226856
12550,12551,-329028999#0,11.0,1.7042440318302392
12552,12553,-329028999#1,1.0,0.2516946654877689
12554,12555,-329029002,51.0,34.670634920634946
12556,12557,-329029003,4.0,0.6456456456456456
12558,12559,-329029004,13.8,1.9804804804804803
12564,12565,-329029040#1,1.0,0.0
12566,12567,-329029041,11.8,0.5
12568,12569,-329029045,5.0,0.8202230914095319
12570,12571,-329029047,48.0,0.0
12572,12573,-32903546#0,29.0,12.5
12574,12575,-32903546#1,1.0,0.0
12576,12577,-32903546#2,6.0,0.7
12578,12579,-329108798#1,4.0,0.16363636363636372
12580,12581,-329108798#2,9.0,0.7833333333333334
12588,12589,-329190301,54.0,13.599999999999994
12590,12591,-329190302,6.0,0.3
12592,12593,-32923863#0,3.0,0.47003572289730344
12594,12595,-32923863#1,2.0,0.2029555392422839
12596,12597,-32923863#2,6.0,0.6916198626137366
12598,12599,-32923863#3,3.0,0.2851033892342965
12600,12601,-32923863#4,4.0,0.42208829724563807
12602,12603,-32923863#5,3.0,0.2539685957939039
12604,12605,-32923867#0,9.0,0.9246777163904227
12606,12607,-32923867#1,10.0,0.9337588407797134
12608,12609,-32923867#2,5.0,1.0841814731757815
12610,12611,-32923867#4,8.0,37.06160869389564
12612,12613,-32924041#0,5.0,0.44669365721997273
12614,12615,-32924041#1,1.0,0.23616734143049933
12616,12617,-32924041#2,3.0,0.21052631578947367
12618,12619,-32924041#3,2.0,0.15114709851551958
12620,12621,-32937030,9.0,1.0526315789473684
12622,12623,-32978638#0,5.0,0.5767436568437817
12624,12625,-32978638#1,11.0,1.0404767322789856
12626,12627,-32978638#2,7.0,3.5739626844890013
12628,12629,-32998243#0,7.0,0.9166666666666666
12630,12631,-32998243#1,157.4,924.5
12632,12633,-32998243#2,49.4,37.583333333333336
12634,12635,-32998243#3,66.6,66.2
12636,12637,-32999434#0,14.0,4.3006636694498
12642,12643,-330048410#1,11.0,1.5897435897435905
12644,12645,-330048411#0,9.4,0.6666666666666666
12646,12647,-330048411#1,6.0,0.2666666666666668
12650,12651,-330048412,11.8,0.5
12658,12659,-330048683#1,2.8,0.5
12660,12661,-330048683#2,3.0,0.0
12662,12663,-330048683#3,3.6,0.33333333333333337
12664,12665,-330048683#4,5.0,0.0
12666,12667,-330688182#0,1.6,0.33333333333333337
12668,12669,-330688182#1,16.2,8.0
12670,12671,-330688183#0,3.0,0.0
12674,12675,-330690610#0,4.8,0.5
12676,12677,-330690610#1,8.4,4.916666666666667
12682,12683,-330690610#4,13.4,7.0
12686,12687,-330690614#1,9.6,2.0
12688,12689,-330694492#0,16.0,2.0000000000000004
12690,12691,-330908487,4.0,0.0
12692,12693,-330908488,12.0,2.3
12694,12695,-330908490,2.0,0.0
12702,12703,-330908494#0,20.80000000000001,559.4425403225806
12704,12705,-330908494#1,7.0,0.7
12706,12707,-330908495#0,3.0,0.0
12708,12709,-330908495#1,12.0,0.0
12710,12711,-330908496,9.0,1.766666666666667
12712,12713,-330908497#0,2.0,0.0
12716,12717,-330908498#1,90.40000000000002,1933.204487179487
12720,12721,-330908499#1,5.0,0.0
12724,12725,-330908500#1,28.0,15.469344608879494
12728,12729,-330908502,13.0,1.885714285714286
12730,12731,-330908503#0,2.0,0.0
12732,12733,-330908503#1,4.0,1.1600000000000001
12734,12735,-330908503#2,4.0,0.3684210526315788
12736,12737,-330908503#3,3.0,1.1176470588235294
12738,12739,-330908503#4,4.0,0.8727272727272727
12740,12741,-330908503#5,4.0,2.267857142857143
12742,12743,-330908503#6,7.0,0.0
12744,12745,-330910983,2.4000000000000004,0.25000000000000006
12746,12747,-33102205#0,31.6,2.0
12748,12749,-33102205#1,78.0,0.0
12752,12753,-33102205#3,14.0,2.2
12754,12755,-33102476,2.0,0.17904509283819636
12756,12757,-33102477,27.6,121.01875378100422
12758,12759,-33102490#0,2.0,0.18577834721332498
12760,12761,-33102490#1,5.0,0.4419320884176056
12762,12763,-332608836,4.0,0.29999999999999993
12766,12767,-332608838#0,5.600000000000001,7017.064102564102
12768,12769,-332608838#1,1.0,0.0
12770,12771,-33280103#0,3.0,0.3423435553909852
12772,12773,-33280103#1,9.0,0.8740907299243912
12774,12775,-33280103#2,2.0,0.205749668288368
12776,12777,-33280103#4,3.0,0.26726344992462175
12778,12779,-33280103#5,2.0,0.25626534698349124
12780,12781,-33280103#6,5.0,0.3320086131993503
12782,12783,-33280103#7,8.0,1.644647866528865
12784,12785,-333418281,27.8,22.80952380952381
12786,12787,-333420165#0,6.0,1.3333333333333335
12792,12793,-333420168#0,2.0,0.14285714285714288
12796,12797,-333420171#1,6.0,0.0
12798,12799,-333420174#1,3.0,0.0
12800,12801,-333420174#2,6.0,0.0
12802,12803,-333420174#3,1.0,0.0
12804,12805,-333420175#1,2.0,0.0
12806,12807,-333420176#0,8.6,2.0
12808,12809,-333420176#1,5.0,0.0
12814,12815,-333420177#2,2.0,0.0
12816,12817,-333420177#3,10.0,1.3666666666666667
12818,12819,-333420178#0,6.8,0.5
12822,12823,-333420180#0,8.0,0.33333333333333326
12824,12825,-333420180#1,5.0,0.35789473684210527
12826,12827,-333420181,40.0,0.0
12830,12831,-333420184#0,4.0,0.0
12836,12837,-333421782#0,3.0,0.0
12838,12839,-333421782#1,1.0,0.0
12840,12841,-333421782#2,10.0,0.0
12842,12843,-333421783#0,3.0,0.33333333333333326
12844,12845,-333421783#1,4.0,0.33333333333333337
12846,12847,-333421783#2,2.0,0.0
12848,12849,-333421783#3,7.0,0.0
12852,12853,-333421789#0,4.200000000000001,4.463157894736843
12854,12855,-333421789#1,3.0,1.333333333333333
12856,12857,-333421790,14.4,4.5
12858,12859,-333421791,13.6,2.3333333333333326
12860,12861,-333421792,12.0,0.0
12864,12865,-333421795,24.0,0.0
12866,12867,-333421796,14.8,0.5
12868,12869,-333424243#0,206.80000000000004,10979.714285714286
12870,12871,-333424243#1,3.0,1.3333333333333333
12876,12877,-333428400#0,11.0,0.3333333333333335
12878,12879,-333428400#1,5.0,0.9999999999999999
12880,12881,-333428400#3,6.0,1.3333333333333333
12882,12883,-333428401,5.2,1.333333333333333
12886,12887,-333428406#0,6.0,0.0
12892,12893,-333428411#0,21.0,0.0
12894,12895,-333428411#1,3.6,2.0
12896,12897,-333428414,12.0,2.0000000000000004
12900,12901,-333434590#0,10.0,0.3333333333333335
12908,12909,-333434591,24.6,2.0
12910,12911,-333434596#0,4.0,0.26666666666666666
12922,12923,-333434600#2,42.0,0.0
12924,12925,-333434601,11.40000000000001,169.00000000000003
12926,12927,-333434749,31.0,0.0
12930,12931,-333438877#0,5.0,0.0
12934,12935,-333438878#0,24.0,0.0
12938,12939,-333438880#0,3.2,2.333333333333333
12940,12941,-333438880#1,44.0,0.0
12942,12943,-333438881#0,6.0,0.48888888888888904
12944,12945,-333438884,3.6,2.0
12950,12951,-333438885#2,3.0,0.33333333333333337
12952,12953,-333438885#3,3.4000000000000004,0.6666666666666666
12954,12955,-333438885#4,3.0,0.5714285714285714
12956,12957,-333438885#5,3.4000000000000004,0.19444444444444448
12958,12959,-333438887,3.0,0.0
12962,12963,-334062994#1,21.0,0.0
12964,12965,-334065604,4.0,0.0
12968,12969,-334065609,11.4,4.5
12970,12971,-334065611,7.0,0.0
12972,12973,-334065616,3.6,0.33333333333333337
12974,12975,-334065618,5.6,0.33333333333333326
12976,12977,-334066856,9.4,4.5
12978,12979,-334066858#1,8.2,1.7
12980,12981,-334066858#11,2.0,0.0
12982,12983,-334066858#2,18.8,0.5
12984,12985,-334066858#3,4.0,0.0
12990,12991,-334066858#7,4.0,0.0
12992,12993,-334066858#9,4.0,0.0
12994,12995,-334066859#0,4.0,0.0
12996,12997,-334066859#1,5.0,0.6181818181818182
13000,13001,-334066859#3,7.0,1.9999999999999998
13002,13003,-334066859#4,2.6,0.33333333333333337
13004,13005,-334066860#0,6.0,0.7999999999999999
13012,13013,-335392790,9.0,1.1524064171122994
13014,13015,-335392791,8.0,0.7311827956989249
13016,13017,-335392792,16.0,4.628787878787879
13020,13021,-335392800#0,13.2,2.0
13026,13027,-335810252#0,9.0,0.0
13028,13029,-335810252#2,3.0,0.446969696969697
13030,13031,-335810252#3,3.0,0.06666666666666665
13032,13033,-335810252#4,18.0,1.8904761904761933
13034,13035,-336216577#0,8.0,0.5476190476190476
13036,13037,-336216577#1,31.0,5.374269005847953
13040,13041,-336233945#0,15.2,2.333333333333334
13042,13043,-336233945#1,3.0,0.33333333333333326
13046,13047,-336708438,10.8,0.5
13048,13049,-336708442,5.0,0.0
13050,13051,-336839351,11.2,8.0
13054,13055,-337345698,37.4,14.916666666666666
13070,13071,-337347381#2,4.0,0.0
13076,13077,-337347473#0,7.0,0.0
13078,13079,-337347473#1,3.8,0.5
13080,13081,-337347473#2,5.8,0.5
13086,13087,-337348718#2,7.2,1.3333333333333335
13088,13089,-337348718#3,2.0,0.2678571428571429
13090,13091,-337348722#0,8.0,0.0
13092,13093,-337348722#1,4.2,0.5
13096,13097,-337348724,8.6,2.0
13100,13101,-337348726#1,3.0,0.0
13114,13115,-337577544,20.0,0.0
13118,13119,-337577550,12.2,0.5000000000000002
13122,13123,-337577835,25.0,0.0
13124,13125,-337577836,13.2,4.0
13126,13127,-337577948,8.0,0.0
13128,13129,-33779209,8.0,8.6
13130,13131,-337875142,82.6,37.0
13132,13133,-337875143#0,10.0,0.3333333333333335
13134,13135,-337875143#1,21.0,4.8
13136,13137,-337875143#2,5.8,0.5
13140,13141,-337985555#1,6.0,0.0
13144,13145,-337985774#2,2.0,0.0
13152,13153,-33814393#1,3.0,0.33970026447252416
13154,13155,-33814393#2,9.0,4.2
13156,13157,-33814393#3,10.0,0.9581451370069258
13160,13161,-339189103#0,22.4,4.5
13162,13163,-339189103#1,37.0,35.066666666666656
13164,13165,-339189103#3,7.0,3.5
13166,13167,-339417557#1,3.0,0.17915711514724042
13168,13169,-339417557#2,1.0,0.13955920205920205
13170,13171,-339417557#3,4.0,0.254424778761062
13172,13173,-339417557#4,6.0,0.41292667509481656
13174,13175,-339417557#5,6.0,0.49763539282990116
13176,13177,-339417557#6,3.0,0.24866514111365362
13178,13179,-339417557#7,2.0,0.25064836003051116
13180,13181,-339417557#8,5.0,0.3554578168732508
13182,13183,-339418351,26.0,0.0
13186,13187,-34015253#1,39.0,28.266666666666662
13218,13219,-34026117#14,4.8,0.5
13222,13223,-34026117#16,10.6,2.0
13260,13261,-34026288#0,43.0,0.0
13272,13273,-34026352#2,17.0,19.694444444444443
13274,13275,-34026352#3,11.2,4.844444444444444
13276,13277,-34026352#4,24.0,6.054545454545456
13278,13279,-34026352#5,17.0,3.0545454545454547
13280,13281,-34026352#6,52.0,27.96363636363637
13288,13289,-34026368,28.0,7.490909090909088
13290,13291,-34027769#0,10.0,0.0
13298,13299,-342059249#0,3.0,0.2666666666666667
13300,13301,-342059249#1,6.0,0.6330913490623109
13302,13303,-342059249#2,6.0,0.6395480225988701
13304,13305,-342059249#3,11.0,1.3548022598870058
13306,13307,-342059249#4,3.0,0.3134920634920634
13308,13309,-342059249#5,8.0,0.7580419580419581
13310,13311,-342059250#0,12.0,1.3077662523473135
13312,13313,-342059250#1,11.0,0.5036318540171854
13314,13315,-34230893,24.200000000000003,7.0
13316,13317,-344545840,78.4,17.999999999999996
13318,13319,-344545841,32.0,0.0
13320,13321,-344545842#0,5.8,0.5
13324,13325,-34880352#1,10.8,0.9047619047619048
13326,13327,-34880352#2,3.0,0.28571428571428564
13328,13329,-34880352#3,4.0,0.25
13330,13331,-34880352#4,8.0,2.125
13332,13333,-34880352#6,12.6,2.0
13334,13335,-34880352#7,12.0,1.333333333333333
13336,13337,-34880352#8,7.0,0.0
13338,13339,-35064464#0,27.0,8.566666666666666
13340,13341,-35064464#1,8.2,0.7
13344,13345,-35064464#3,7.8,0.5
13346,13347,-35064465,22.2,1.3333333333333321
13348,13349,-35073467#0,8.400000000000002,0.8242753623188404
13350,13351,-35073467#1,14.0,6.151515151515152
13352,13353,-35073467#3,19.6,5.299999999999999
13354,13355,-35073467#4,4.6,1.0
13356,13357,-35073468#0,42.0,14.095833333333333
13358,13359,-35073468#1,9.0,1.3571428571428577
13360,13361,-35073468#2,9.0,0.7222222222222222
13362,13363,-35342077#1,27.0,0.0
13370,13371,-35342077#5,6.0,0.3333333333333333
13372,13373,-35342077#6,10.2,1.6000000000000005
13374,13375,-35342077#7,13.0,75.76363636363635
13376,13377,-35342079#1,141.0,4146.210196078432
13378,13379,-35342079#2,79.2,3828.7539912917277
13380,13381,-35342079#3,2.0,0.22424242424242435
13382,13383,-35342079#4,5.0,0.19710144927536244
13384,13385,-35342079#5,13.0,1.1174838112858467
13392,13393,-35342080#3,1.0,0.0
13394,13395,-35342080#4,5.0,0.4000000000000001
13396,13397,-35342080#5,7.0,0.14285714285714288
13398,13399,-35342080#6,9.0,0.3333333333333335
13402,13403,-35342080#8,15.800000000000008,137.0
13404,13405,-35342844#0,2.0,0.0
13408,13409,-35342845#0,4.800000000000001,3.0
13410,13411,-35342845#1,8.0,0.0
13414,13415,-35342846#0,4.0,0.0
13416,13417,-35342846#1,14.0,0.0
13422,13423,-35342846#4,20.2,8.0
13424,13425,-35342847#1,13.4,23.649122807017548
13426,13427,-35342847#2,5.0,0.8398692810457514
13428,13429,-35342847#4,1.0,0.19444444444444445
13430,13431,-35342847#5,1.4000000000000004,0.5
13432,13433,-35342847#6,3.0,0.9047619047619047
13434,13435,-35342847#7,1.0,0.0
13436,13437,-35342847#9,2.0,0.0
13440,13441,-35342848#1,2.0,0.30000000000000004
13442,13443,-35342848#2,1.0,0.0
13444,13445,-35417465#1,12.0,2.028965732330125
13446,13447,-35417465#2,22.0,3.844238046095624
13448,13449,-35417465#3,13.0,2.2026721479958895
13450,13451,-35417465#4,6.0,2.282654680063458
13452,13453,-35417466#0,143.0,346.9591397849463
13454,13455,-35417466#1,47.4,21.666666666666668
13456,13457,-35417467,18.2,2.6999999999999993
13458,13459,-354652470#0,4.0,0.0
13464,13465,-35468001#2,36.0,0.0
13466,13467,-35468001#3,76.6,19.0
13468,13469,-354967514#0,2.0,0.19583333333333336
13470,13471,-354967514#0.24,8.0,0.8666666666666666
13472,13473,-354967514#1,3.0,0.6499999999999999
13474,13475,-354967514#2,3.0,0.3736263736263737
13494,13495,-35588519#0,15.8,3.6666666666666665
13496,13497,-35588519#1,7.4,1.6666666666666667
13502,13503,-35588522#0,5.0,0.3333333333333335
13504,13505,-35588522#1,20.0,0.3333333333333339
13516,13517,-35681685#0,11.0,0.33333333333333304
13518,13519,-35681685#1,4.0,2.0
13520,13521,-35681685#2,4.0,0.2857142857142857
13522,13523,-35681687,12.4,2.9166666666666665
13524,13525,-35681724,9.6,1.0
13526,13527,-35681725,12.0,2.3
13530,13531,-35743389#0,15.600000000000001,4.423076923076923
13532,13533,-35743389#1,6.0,0.8545454545454545
13534,13535,-35743389#3,11.8,3.0
13540,13541,-35744086#0,14.0,2.2781537393718536
13542,13543,-35779587,11.0,2.4
13544,13545,-35779588#0,9.0,1.4666666666666663
13546,13547,-35779588#1,8.0,1.9999999999999998
13548,13549,-35779588#2,12.8,18.0
13550,13551,-35818251,15.6,2.0
13574,13575,-35921580#1,6.2,0.20000000000000007
13576,13577,-35926298,4.0,1.0
13578,13579,-35926528#0,4.0,0.39896121303510085
13580,13581,-35926528#1,4.0,0.3988439306358379
13582,13583,-35927185,7.6,2.333333333333334
13586,13587,-35960028#0,10.0,0.0
13596,13597,-361492963,19.200000000000003,6.25
13598,13599,-36291830#0,2.0,107.52936067790725
13600,13601,-36291830#1,6.0,154.58322493616598
13604,13605,-36548854#1,67.0,0.0
13606,13607,-36550449,9.0,1.333333333333333
13610,13611,-36689751#0,11.0,19.287960687960684
13612,13613,-36689751#1,11.0,1.3384133314342694
13614,13615,-36788200#0,122.4,3628.6666666666665
13616,13617,-36788200#1,9.600000000000001,323.5277777777777
13618,13619,-36788200#2,3.8000000000000007,3.9047619047619047
13620,13621,-36788201#0,15.0,0.0
13622,13623,-36788202,9.8,3.0
13626,13627,-36788203#1,219.00000000000006,20908.25
13630,13631,-36789283#2,9.4,4.25
13632,13633,-36789284#1,5.0,0.23044397463002111
13636,13637,-36789284#4,4.0,0.33333333333333326
13638,13639,-36789285,4.0,0.0
13640,13641,-36792010#0,7.0,1.277777777777778
13642,13643,-36792010#1,13.0,1.818181818181818
13644,13645,-36792010#2,11.0,1.1157894736842116
13646,13647,-36792012,30.0,0.0
13650,13651,-36792015#0,23.4,4.666666666666667
13652,13653,-36792015#1,7.4,4.5
13654,13655,-36792017#1,12.200000000000003,2.127564102564103
13656,13657,-36792017#2,11.0,1.2645161290322584
13658,13659,-36792017#3,11.0,0.6399999999999996
13660,13661,-36792018,14.4,3.1999999999999997
13662,13663,-36792019,19.0,6.677777777777777
13664,13665,-36792021#0,4.0,0.0
13666,13667,-36792021#1,8.8,0.9318181818181818
13668,13669,-36792021#2,6.0,1.6923076923076923
13670,13671,-36792021#3,17.0,0.0
13672,13673,-36793495#1,26.400000000000002,252.0
13682,13683,-36793495#6,1.0,0.0
13688,13689,-36793497#0,18.0,3.0
13696,13697,-36793500#0,11.0,0.0
13700,13701,-36793501#0,12.2,2.3333333333333335
13706,13707,-36793502#1,11.0,0.0
13708,13709,-36793503#0,11.8,0.5
13716,13717,-36793503#4,3.8,0.5
13718,13719,-36793503#5,4.0,0.33333333333333337
13720,13721,-36793503#6,3.6,0.33333333333333337
13722,13723,-36793503#7,15.2,1.333333333333333
13726,13727,-36793509#1,48.4,392.0
13728,13729,-36793511#0,4.0,0.0
13732,13733,-36793511#2,9.0,0.0
13734,13735,-36793512,14.0,0.0
13738,13739,-36962701#0,7.0,0.0
13740,13741,-36962701#1,2.0,0.0
13742,13743,-37192503#0,10.0,10.26666666666667
13744,13745,-37192503#1,163.0,0.0
13746,13747,-37192504,11.0,0.0
13748,13749,-37192505#1,4.2,0.32222222222222263
13750,13751,-37192505#2,27.200000000000003,5.641025641025636
13752,13753,-37192506#0,11.0,7.6
13754,13755,-37192506#1,3.0,0.0
13756,13757,-37192506#2,4.8,0.5
13758,13759,-37192507#0,33.0,0.0
13760,13761,-37192507#1,8.0,0.0
13762,13763,-37192508#0,9.600000000000001,1.4107142857142858
13764,13765,-37192508#1,5.0,0.4727272727272728
13772,13773,-37193852#0,8.4,1.3611111111111112
13774,13775,-37193852#1,5.0,0.5714285714285715
13776,13777,-37193852#2,10.8,0.5
13778,13779,-37193852#3,7.0,0.0
13780,13781,-37193852#4,6.4,0.6666666666666666
13784,13785,-37193854,14.2,1.333333333333333
13786,13787,-37193855#0,9.8,0.5
13796,13797,-37193857#0,46.0,16.333333333333343
13800,13801,-37193858#0,14.2,2.5
13802,13803,-37193858#1,11.0,0.7999999999999995
13804,13805,-37193858#2,5.6,0.33333333333333326
13806,13807,-37193858#3,5.0,0.0
13808,13809,-37193859#0,23.200000000000003,2.25
13810,13811,-37193859#1,9.0,0.0
13812,13813,-37193859#11,9.0,0.49583333333333357
13814,13815,-37193859#12,11.0,0.0
13816,13817,-37193859#13,8.0,0.0
13818,13819,-37193859#2,2.0,0.0
13820,13821,-37193859#3,11.2,1.333333333333333
13822,13823,-37193859#4,7.2,1.7
13824,13825,-37193859#5,4.0,0.4
13826,13827,-37193859#6,9.0,0.666666666666667
13828,13829,-37193859#8,7.0,0.5714285714285713
13830,13831,-37193859#9,8.600000000000001,0.8571428571428573
13832,13833,-37193860,27.0,0.0
13834,13835,-37193861#0,5.0,0.6190476190476192
13836,13837,-37193861#1,6.2,1.333333333333333
13840,13841,-37193862#0,18.6,2.0
13842,13843,-37193862#1,14.0,12.5
13846,13847,-37193863#1,16.8,0.5
13848,13849,-37193864,77.0,0.0
13856,13857,-37255717#0,9.800000000000004,108.26851851851852
13858,13859,-37255717#1,20.4,85.57894736842105
13860,13861,-37255717#2,9.0,1.5277777777777775
13862,13863,-37255717#4,6.4,0.6666666666666666
13864,13865,-37255717#5,5.4,0.6666666666666666
13870,13871,-37255726#0,7.0,2.230769230769231
13872,13873,-37255726#2,3.0,0.4444444444444444
13874,13875,-37255726#3,5.0,0.8095238095238098
13876,13877,-37255726#4,5.0,2.25
13878,13879,-37255726#5,20.0,1.3333333333333321
13904,13905,-37256211,27.0,6.000000000000003
13906,13907,-37282688#0,2.0,25.00981767180925
13908,13909,-37282688#1,2.0,0.42660121552127156
13910,13911,-37282688#2,9.0,1.794025746781652
13912,13913,-37282688#3,4.0,5.779088595882486
13914,13915,-37282688#4,2.0,0.27967646388698997
13916,13917,-37282688#5,10.0,17.90248756218906
13918,13919,-37386279#0,5.0,0.24999999999999992
13920,13921,-37386279#1,11.0,1.0666666666666664
13922,13923,-37451605,6.0,0.0
13924,13925,-37480269,16.8,6.666666666666667
13926,13927,-376277111,18.0,0.0
13930,13931,-376285856#0,63.0,0.0
13932,13933,-376285856#1,33.0,0.0
13934,13935,-376285856#2,25.0,0.0
13936,13937,-376285856#3,50.0,0.0
13938,13939,-376285856#4,1.0,0.0
13946,13947,-37649447#0,3.0,0.27777777777777757
13948,13949,-37649447#1,4.2,0.8888888888888888
13950,13951,-37649447#2,4.0,0.8095238095238096
13952,13953,-37649447#3,8.6,0.33333333333333304
13954,13955,-37681424#0,25.8,0.5
13956,13957,-37681424#1,29.4,4.5
13958,13959,-37681425#1,3.0,0.0
13960,13961,-37681425#2,2.0,0.0
13962,13963,-37681425#3,3.0,0.0
13964,13965,-37681425#4,4.0,0.0
13966,13967,-37681425#5,1.6,0.3333333333333333
13968,13969,-37681425#6,7.2,1.333333333333333
13970,13971,-37681425#7,8.2,2.333333333333334
13972,13973,-37681592#0,13.6,2.333333333333334
13974,13975,-37681592#2,20.0,0.0
13976,13977,-37681592#3,4.0,0.0
13978,13979,-37681592#4,13.0,2.571428571428572
13980,13981,-37681592#5,10.0,1.8181818181818183
13982,13983,-37681592#6,4.0,0.489010989010989
13984,13985,-37681592#7,3.0,0.43956043956043955
13986,13987,-37681592#8,3.0,0.257142857142857
13988,13989,-37714408#0,2.0,0.0
13990,13991,-37715607,20.6,2.0
13992,13993,-37715611,14.0,0.0
13994,13995,-37715612#0,19.0,0.0
13996,13997,-37715612#1,14.0,0.0
13998,13999,-37715612#2,2.0,0.26666666666666666
14002,14003,-37715613#1,16.0,0.0
14004,14005,-37715613#2,12.8,1.9523809523809523
14006,14007,-37715614#0,14.6,2.0
14008,14009,-37715614#1,14.0,1.142857142857143
14010,14011,-377208351#0,4.0,0.0
14012,14013,-37724354,50.0,0.0
14014,14015,-379510292,3.0,0.19999999999999998
14016,14017,-379520414#0,1.0,0.0
14018,14019,-379520414#1,4.2,1.3
14020,14021,-379721535,4.2,0.4444444444444444
14022,14023,-379723622#0,1.0,0.14285714285714288
14024,14025,-379723622#1,8.0,0.20000000000000007
14026,14027,-379723623#0,7.0,0.7085020242914983
14028,14029,-379723623#2,3.0,0.28571428571428575
14030,14031,-379723624#1,7.0,1.4789577187807283
14032,14033,-379795383,5.0,0.30000000000000016
14034,14035,-379795384,5.2,0.5
14036,14037,-379797627,7.0,0.0
14038,14039,-380058449,32.60000000000002,776.2499999999999
14042,14043,-380273350,12.8,0.5
14044,14045,-380273351#1,17.000000000000004,27.80952380952381
14046,14047,-380273351#2,5.6000000000000005,1.1428571428571428
14054,14055,-381247993,2.0,0.30046386353434085
14056,14057,-381247994,1.0,0.09277270686817299
14060,14061,-38305646#0,11.0,0.0
14062,14063,-38305646#2,5.4,0.24999999999999992
14064,14065,-38305646#3,9.0,1.6964285714285714
14066,14067,-38434492#0,11.0,2.0659959758551314
14068,14069,-38434492#1,9.0,1.2168350168350168
14070,14071,-38434492#2,4.0,0.7061495457721874
14072,14073,-38434492#4,14.0,2.039024390243902
14074,14075,-38434492#5,4.0,0.4121951219512197
14076,14077,-38434492#7,7.0,1.075609756097561
14078,14079,-38434492#8,13.0,1.2944523470839258
14080,14081,-38434577,4.0,0.37553342816500734
14082,14083,-38434578,17.0,1.8813813813813818
14084,14085,-38435025,5.0,0.368421052631579
14086,14087,-38573373#0,24.0,0.0
14088,14089,-38573373#1,8.6,2.0
14090,14091,-38573374,11.8,0.5
14092,14093,-38573375#0,10.6,1.0
14094,14095,-38573375#1,14.0,0.0
14098,14099,-38573376#1,5.8,0.5
14100,14101,-38573377#0,12.8,0.5
14102,14103,-38573377#1,20.6,2.0
14116,14117,-389565213#0,18.0,4.2666666666666675
14118,14119,-389831363,3.0,0.369281045751634
14120,14121,-389831364#1,4.0,12759.223090452268
14122,14123,-389831364#1.38,75.0,23431.41886934673
14124,14125,-389840420#0,7.0,0.4416785206258889
14126,14127,-389840420#1,4.0,0.23481781376518215
14128,14129,-389840420#2,9.0,0.8984962406015038
14130,14131,-389840420#3,11.0,1.340151957919346
14132,14133,-389840423#0,27.0,12.752976190476188
14134,14135,-389840423#2,10.0,1.202380952380953
14136,14137,-390068133#0,3.0,0.32204081632653075
14138,14139,-390068133#1,7.0,0.6907993966817494
14140,14141,-390068133#2,5.0,0.40233785822021134
14142,14143,-390068133#3,6.0,0.4854862119013062
14144,14145,-390282481,3.0,0.27138478182473863
14146,14147,-390565276#0,3.0,0.2380952380952381
14148,14149,-390565276#1,1.0,0.14285714285714285
14150,14151,-390832775#0,8.0,0.37500000000000017
14152,14153,-390832776#1,8.6,1.0
14154,14155,-390832777#0,9.8,0.5
14156,14157,-390832777#1,27.0,0.0
14158,14159,-390835794#0,3.0,0.4640648154113786
14160,14161,-390835794#1,4.0,0.8113280094646556
14162,14163,-390835794#2,6.0,0.49890861896053296
14164,14165,-390842191#0,1.0,0.0
14166,14167,-390842191#1,6.200000000000001,16.333333333333332
14168,14169,-390842192#0,1.0,0.24507750314201932
14170,14171,-390842192#1,3.0,0.23225806451612915
14172,14173,-390842192#2,1.0,0.005917159763313608
14174,14175,-390842192#3,2.0,0.23978585517047066
14176,14177,-390842192#4,7.0,0.7888966237382521
14178,14179,-391029004#0,9.0,1.0836158192090393
14180,14181,-391029004#1,11.0,2.067387387387388
14182,14183,-391029004#2,7.0,0.9049050632911394
14184,14185,-391029007,16.4,65.04598308668075
14186,14187,-391029010,8.2,1.333333333333333
14188,14189,-391029011#0,8.2,0.19999999999999984
14190,14191,-391029011#1,15.0,5.696969696969697
14192,14193,-391029011#2,11.0,0.0
14194,14195,-391029011#3,3.0,0.0
14196,14197,-391029012#0,5.0,0.9666666666666668
14198,14199,-391029012#1,3.0,0.33333333333333326
14200,14201,-391029012#2,10.6,0.3333333333333335
14202,14203,-391029012#3,6.6,0.33333333333333326
14208,14209,-391029012#6,5.0,0.0
14210,14211,-391029013,13.4,4.5
14212,14213,-391029014#0,8.6,0.3333333333333335
14214,14215,-391208987#0,3.0,0.6620209059233451
14216,14217,-391208987#1,16.800000000000004,28.48548199767713
14218,14219,-391208988,7.0,1.0103187042842217
14220,14221,-391208991,3.0,0.13421052631578947
14222,14223,-391208992#0,29.4,11.299999999999997
14224,14225,-391208992#1,18.4,4.5
14226,14227,-391208993#0,23.0,5.509764309764309
14228,14229,-391208993#1,17.0,3.2
14230,14231,-391208993#2,5.2,2.3000000000000007
14232,14233,-391208993#3,8.0,0.33333333333333326
14234,14235,-391208993#4,8.0,0.33333333333333326
14236,14237,-391208993#5,4.6,0.33333333333333326
14238,14239,-391344206#0,19.0,0.0
14240,14241,-391344206#1,19.6,2.0
14242,14243,-391344206#3,4.0,0.0
14244,14245,-391344206#4,4.0,0.0
14246,14247,-391344206#5,1.8,0.5
14248,14249,-391344206#7,2.0,0.0
14250,14251,-391344207,8.4,0.666666666666667
14252,14253,-391344216,5.0,1.2296177492649019
14254,14255,-391606911#0,19.0,3.2817408376963337
14256,14257,-391606911#1,6.0,0.3542708106933277
14258,14259,-391606911#2,14.0,1.8066507281025872
14260,14261,-391606911#3,2.0,0.2532751091703057
14262,14263,-391606911#4,3.0,0.5125348675034869
14264,14265,-391606922,5.0,100.77888849516142
14266,14267,-391885896#0,6.2,2.5
14270,14271,-39227066#1,33.0,112.5
14272,14273,-39227661#0,18.0,3.0266467295452846
14274,14275,-39227661#1,6.0,0.4523043543318871
14276,14277,-39227661#2,3.0,0.22815352386652696
14278,14279,-39236841#1,14.0,0.0
14280,14281,-39236841#4,18.0,36.28571428571429
14284,14285,-39265640#0,27.0,0.0
14288,14289,-39301798#1,50.0,29.500000000000007
14290,14291,-393420106#0,1.0,0.0
14292,14293,-393420106#1,16.6,1.6428571428571437
14294,14295,-393420112#0,5.0,0.3483086680761099
14296,14297,-393420112#1,8.0,0.5554968287526428
14298,14299,-393420112#2,6.0,0.45665961945031713
14300,14301,-393420112#4,2.0,0.1424489795918367
14302,14303,-393420116#1,47.00000000000001,407.2857142857144
14304,14305,-393420116#3,10.0,5.566666666666667
14306,14307,-393420116#4,4.0,0.4999999999999999
14308,14309,-393420116#5,2.0,0.3333333333333333
14310,14311,-393420116#6,10.2,0.5000000000000001
14312,14313,-393420116#7,4.0,0.29999999999999993
14314,14315,-39345679#1,4.0,5.454545454545455
14316,14317,-39345679#2,6.000000000000002,11.0
14320,14321,-39443315#0,21.4,4.5
14322,14323,-39443315#1,31.6,0.3333333333333339
14324,14325,-39443316#0,8.0,0.0
14326,14327,-39443316#2,40.0,282.7
14330,14331,-39444328#2,4.0,0.0
14332,14333,-39444740#1,4.0,0.43382352941176483
14334,14335,-39444740#2,5.0,0.0
14340,14341,-39444746#2,33.0,0.0
14342,14343,-39444746#3,25.200000000000003,37.125
14344,14345,-39444746#4,10.0,7.769230769230773
14346,14347,-39444747,18.0,6.839285714285714
14348,14349,-39444748,4.0,0.0
14350,14351,-39445512#1,8.0,0.0
14354,14355,-39445515,11.8,0.5
14364,14365,-39445788#0,10.600000000000001,6.333333333333332
14366,14367,-39445788#1,25.8,21.333333333333336
14370,14371,-39445789,16.4,7.0
14378,14379,-39445985,61.0,0.0
14380,14381,-39446253#0,85.0,0.0
14382,14383,-39530043,25.0,0.0
14384,14385,-39530044#0,9.0,47.02978883861236
14386,14387,-39530044#1,3.0,0.41666666666666674
14388,14389,-39530044#2,9.0,1.2083333333333328
14390,14391,-39530044#3,5.0,0.6484929078014185
14392,14393,-39530044#4,3.0,0.45833333333333326
14394,14395,-39530044#5,28.0,10.37149758454106
14398,14399,-39577340,111.0,1335.8
14400,14401,-39577538,11.0,0.7636363636363638
14404,14405,-39603434,6.0,1.5799426557814795
14406,14407,-39603435#0,5.0,0.2625
14408,14409,-396370763#0,5.0,0.2999999999999999
14410,14411,-396370763#1,4.0,0.0
14412,14413,-396370764#0,11.0,0.0
14414,14415,-396370764#1,2.0,0.0
14416,14417,-396370768,33.4,12.666666666666663
14420,14421,-396370770#1,4.0,0.0
14424,14425,-396370773#1,2.8,0.5
14426,14427,-396370774#0,4.0,0.24358974358974353
14428,14429,-396370774#1,2.0,0.0
14430,14431,-396370774#2,5.0,0.25641025641025633
14432,14433,-39649533,3.0,0.24618869936034113
14434,14435,-39698490,15.200000000000001,1.638095238095237
14436,14437,-39704293#0,1.0,0.2829295460874409
14438,14439,-39704293#1,27.0,7.626508680077154
14440,14441,-39704293#2,4.0,0.24894503498744727
14442,14443,-39704293#3,7.0,0.66186677716772
14444,14445,-39704293#4,2.0,0.15140370869159842
14446,14447,-397584419,55.6,18.952380952380953
14448,14449,-397587871#0,24.0,0.0
14450,14451,-397587871#1,1.8,0.5
14452,14453,-397587871#2,75.4,220.33333333333337
14454,14455,-397587872#0,18.2,4.699999999999999
14456,14457,-397587872#1,28.200000000000003,19.0
14460,14461,-397588245,6.8,0.5
14462,14463,-397588246,9.2,1.333333333333333
14464,14465,-397588247#2,25.0,0.0
14466,14467,-39857771,113.0,257.17032967032964
14468,14469,-39857772#0,46.0,21.16666666666668
14470,14471,-39857772#1,27.0,8.894901960784313
14474,14475,-39860602,1.0,0.1058853586027499
14476,14477,-39860603,8.0,3.452991452991454
14478,14479,-39860604#0,18.0,0.0
14484,14485,-39861704#0,12.0,1.1522177419354842
14486,14487,-39861704#1,9.0,0.8538306451612904
14488,14489,-39861707,2.0,0.21847655739845898
14490,14491,-39861708#0,2.0,0.48165077706673626
14492,14493,-39861708#1,8.0,0.980613330398738
14494,14495,-39863083#0,19.0,5.7333333333333325
14496,14497,-39863083#2,4.4,0.9444444444444443
14498,14499,-39863083#3,5.0,0.5666666666666667
14500,14501,-39863083#4,2.0,0.3333333333333333
14502,14503,-39863083#5,4.8,0.5
14504,14505,-39863083#6,6.0,0.3333333333333335
14506,14507,-39863083#7,4.8,0.5
14508,14509,-39863083#8,5.0,0.0
14514,14515,-39863084#2,2.0,0.0
14516,14517,-39863084#3,5.8,0.5
14518,14519,-39863084#4,12.4,3.1999999999999997
14520,14521,-39863084#5,7.4,2.0
14522,14523,-39863101,15.0,2.125000000000001
14526,14527,-39918462,6.0,0.0
14528,14529,-39918464,4.0,0.0
14530,14531,-39918466,6.0,0.0
14532,14533,-399835085#0,5.0,3499.4883168316846
14534,14535,-399835085#1,16.0,147.46716162193027
14536,14537,-399835087#0,13.0,6.264705882352942
14538,14539,-399835087#1,13.0,3.4571428571428564
14540,14541,-399835087#2,12.0,2.884615384615384
14542,14543,-399835087#4,22.0,0.0
14544,14545,-400100578,13.0,0.0
14546,14547,-400100580#1,5.4,4.5
14548,14549,-400100580#2,23.0,0.0
14550,14551,-40059576#0,6.0,0.7304964539007095
14552,14553,-40059576#1,10.0,6.464640198511169
14554,14555,-402154210,1.4000000000000004,0.25
14556,14557,-403879902#0,27.200000000000003,14.952380952380956
14558,14559,-403879902#1,4.6000000000000005,0.5714285714285714
14560,14561,-40490659#0,6.0,0.0
14564,14565,-40490659#2,8.0,0.0
14568,14569,-40493437#0,2.0,0.0
14570,14571,-40493437#1,2.0,0.0
14572,14573,-40493437#2,5.0,0.0
14576,14577,-40496432#1,21.0,9.666666666666666
14580,14581,-40578426#1,10.2,2.3333333333333326
14582,14583,-4058133#1,10.0,12.966666666666665
14584,14585,-4058133#2,8.2,2.333333333333334
14586,14587,-40623117#0,8.0,0.46733111849390907
14588,14589,-40623117#1,5.0,0.4352159468438537
14590,14591,-40623117#2,5.0,0.22621564482029596
14592,14593,-40623117#3,1.0,0.21300211416490483
14594,14595,-40631191,5.8,0.5
14598,14599,-40640588#0,1.0,0.0
14600,14601,-40640588#1,4.0,0.0
14602,14603,-40640588#2,2.0,0.26373626373626374
14604,14605,-40640588#3,2.0,0.20952380952380953
14606,14607,-40640588#4,2.0,0.20000000000000004
14608,14609,-40640588#5,5.0,1.6842105263157894
14610,14611,-40642783#0,1.0,1.6666666666666667
14612,14613,-40642783#1,8.200000000000003,22.992424242424242
14614,14615,-40642783#2,14.2,2.3333333333333335
14616,14617,-40642783#3,8.0,3.0
14620,14621,-40642787#1,4.0,2.4
14622,14623,-40642787#2,17.0,12.5
14624,14625,-40642790#0,3.0,0.125
14626,14627,-40642790#1,1.4000000000000004,0.18131868131868126
14628,14629,-40642790#2,7.0,16.195833333333333
14648,14649,-40799279,18.2,1.333333333333334
14650,14651,-40801036,17.4,2.3000000000000003
14654,14655,-40879982#0,1.0,0.0
14656,14657,-40879982#1,12.4,1.6666666666666667
14658,14659,-40888351#0,16.8,3.0
14660,14661,-40888351#1,5.0,0.5666666666666667
14662,14663,-40888351#3,4.0,0.26666666666666666
14664,14665,-40888351#5,3.0,0.0909090909090909
14666,14667,-40888351#6.2,10.0,150.36363636363635
14668,14669,-40888354#0,9.4,0.24999999999999986
14670,14671,-40888354#1,8.2,2.333333333333333
14672,14673,-40888354#2,2.8,0.5
14678,14679,-40888356#0,3.0,0.29090909090909095
14680,14681,-40888356#2,4.0,0.5277777777777778
14682,14683,-40888356#3,2.0,0.14285714285714285
14684,14685,-40888356#4,3.0,0.3
14686,14687,-40888356#5,1.2000000000000002,0.2
14688,14689,-40888356#6,4.2,0.7
14694,14695,-40930495#0,22.0,0.0
14696,14697,-40930495#1,6.0,0.0
14698,14699,-41051113#0,16.2,8.0
14700,14701,-41051113#1,26.0,12.5
14702,14703,-41051113#2,19.4,16.0
14704,14705,-41051113#3,8.0,1.3333333333333335
14708,14709,-41106793#0,8.8,0.5
14712,14713,-41106793#2,16.0,0.0
14714,14715,-41106793#3,15.0,0.0
14716,14717,-41106793#4,14.600000000000001,5.333333333333333
14718,14719,-41139095,11.4,2.1999999999999993
14720,14721,-41139660#0,12.0,1.5321453529000704
14722,14723,-41139660#1,4.0,0.3832983927323552
14724,14725,-41139660#2,9.0,0.890584415584415
14726,14727,-41139660#3,2.0,0.2165898617511521
14728,14729,-41139660#4,2.0,0.3061955965181772
14730,14731,-41140024,14.6,2.0
14732,14733,-41190839#0,36.0,0.0
14736,14737,-41190839#2,34.4,16.916666666666664
14738,14739,-41190840,22.400000000000002,9.285714285714286
14746,14747,-41193100#0,40.0,0.0
14748,14749,-41195860#1,3.0,0.28571428571428564
14752,14753,-41195860#11,4.6,1.0
14754,14755,-41195860#2,3.8000000000000007,7.727272727272728
14756,14757,-41195860#3,4.0,1.0666666666666669
14758,14759,-41195860#4,4.0,0.25000000000000006
14760,14761,-41195860#5,9.4,0.666666666666667
14762,14763,-41195860#6,9.6,2.0
14766,14767,-41195860#8,2.6,2.0
14768,14769,-41195860#9,3.0,0.0
14770,14771,-41195861#0,5.2,0.5
14774,14775,-41195862#0,8.0,0.0
14776,14777,-41195862#1,6.6,2.0
14778,14779,-41195863#0,5.8,0.5
14780,14781,-41195863#1,8.4,4.5
14782,14783,-41195865#0,2.8,0.5
14784,14785,-41195865#1,4.0,0.30000000000000004
14786,14787,-41195865#2,3.0,1.1
14788,14789,-41195865#3,3.6,0.33333333333333326
14790,14791,-41195866,3.0,0.33333333333333337
14792,14793,-41195867#0,2.0,0.0
14800,14801,-41195869#2,2.0,0.25
14804,14805,-41195869#4,2.6,0.33333333333333337
14806,14807,-41195869#5,3.0,0.0
14810,14811,-41195873,7.2,0.5
14818,14819,-41199133,16.0,0.0
14820,14821,-41199134,14.600000000000001,0.807692307692308
14822,14823,-41203191#1,42.0,0.0
14826,14827,-41203193,24.0,50.0
14828,14829,-41203916#0,14.8,24.333333333333336
14832,14833,-41203916#3,3.8,0.5
14840,14841,-41204161,13.0,0.0
14842,14843,-41222724#0,3.0,0.18064516129032265
14848,14849,-413002076#0,187.0,296.69219219219235
14850,14851,-413002077#0,169.0,0.0
14852,14853,-413002077#1,21.0,12.5
14858,14859,-413002080,83.4,51.69444444444446
14860,14861,-41400364,125.80000000000001,249.95471014492753
14864,14865,-414730013#0,5.0,0.0
14866,14867,-414730013#1,26.0,13.58333333333333
14868,14869,-41494423#0,3.0,0.0
14870,14871,-41494423#1,7.0,0.765873015873017
14872,14873,-41494741#0,5.0,8.727272727272723
14874,14875,-41494741#1,3.0,0.3859177215189873
14876,14877,-41494741#2,6.0,1.8581681476418321
14878,14879,-41522167#0,1.0,0.7442356390777023
14880,14881,-41522167#1,14.0,3.8054111688657897
14882,14883,-41522169#0,4.0,0.31672519754170325
14884,14885,-41522169#1,1.0,0.11852502194907813
14886,14887,-41522169#2,9.0,0.45193151887620725
14888,14889,-41522169#3,6.0,0.2616330114135206
14890,14891,-41522169#4,3.0,0.35982456140350866
14892,14893,-41522170,12.0,5.254545454545456
14894,14895,-41530624#0,10.0,0.0
14900,14901,-41539057#0,16.0,18.400000000000002
14902,14903,-41539057#2,3.0,0.14285714285714288
14904,14905,-41539057#3,11.0,2.952380952380951
14906,14907,-41567676#0,12.0,1.8717619504486698
14908,14909,-41567676#1,5.0,0.3745989892331356
14910,14911,-420153789,4.0,0.2309108986961336
14916,14917,-42277294,13.0,2.266666666666667
14920,14921,-42277295#1,6.0,0.0
14922,14923,-42277296,14.0,3.2
14926,14927,-423804014#0,132.20000000000005,13256.8
14928,14929,-423804014#1,6.0,0.3333333333333333
14930,14931,-423804014#4,18.4,4.5
14934,14935,-423804014#6,2.0,0.0
14936,14937,-423804014#7,2.0,0.0
14942,14943,-423804018,2.0,0.0
14944,14945,-423804019,4.0,1.3920454545454548
14946,14947,-424028485#0,51.0,23.200000000000006
14948,14949,-424028486,16.0,6.595833333333334
14950,14951,-42435519,28.0,7.840122228948657
14952,14953,-42444460#0,4.0,0.37721518987341757
14954,14955,-42444460#1,32.0,12.23396154578336
14956,14957,-42444460#2,11.0,2.721394193448223
14958,14959,-42444460#3,9.0,1.4520213577421812
14960,14961,-42444460#4,3.0,0.23975832596522254
14962,14963,-42444461,4.0,0.3289556962025317
14964,14965,-42485338#0,16.0,3.6727272727272733
14966,14967,-42485338#1,17.0,3.218181818181818
14968,14969,-42485339,123.2,50.0
14972,14973,-42487766#1,12.0,1.453453453453454
14974,14975,-42487766#2,5.0,0.9144144144144148
14978,14979,-42487767#1,21.6,2.0
14982,14983,-42487768,9.0,0.0
14992,14993,-42491776#0,10.0,6.300000000000002
14996,14997,-42491777,9.8,0.5
14998,14999,-42491779,4.0,0.0
15004,15005,-42508858#1,38.0,547.0
15008,15009,-42508858#3,19.4,2.2500000000000004
15010,15011,-42508860,5.4,2.0
15012,15013,-425100437#0,3.0,0.380952380952381
15014,15015,-425100437#1,11.2,4.0
15016,15017,-425100437#2,13.2,2.3333333333333335
15018,15019,-425100437#3,3.0,0.33333333333333337
15020,15021,-425100438#0,6.0,0.5151515151515151
15022,15023,-425100438#1,5.0,0.0
15032,15033,-425100439#3,12.0,0.0
15034,15035,-425100439#4,12.8,2.9166666666666665
15036,15037,-425100439#5,3.2,0.20000000000000004
15038,15039,-425100439#6,3.0,0.29090909090909106
15040,15041,-425100439#7,4.0,0.2637362637362636
15042,15043,-425100439#8,3.0,0.16249999999999998
15044,15045,-425100439#9,3.0,0.062499999999999986
15046,15047,-425100440#0,16.0,0.25000000000000017
15048,15049,-425100440#1,9.0,0.2999999999999998
15050,15051,-425100440#2,3.0,0.0
15052,15053,-425100440#3,4.0,0.3333333333333333
15054,15055,-425100442,6.0,0.2999999999999999
15060,15061,-425100450#0,3.0,0.0
15062,15063,-425100450#1,26.6,6.5
15064,15065,-425100451#0,3.0,0.0
15066,15067,-425100451#1,6.6,1.0
15068,15069,-425100453#1,21.8,0.5
15070,15071,-425100455#0,11.0,0.0
15078,15079,-425100455#4,9.0,0.0
15080,15081,-425100456#0,12.0,0.0
15084,15085,-425100456#2,7.8,0.5
15088,15089,-425100456#4,10.2,1.2999999999999996
15092,15093,-425100457#1,10.0,0.0
15094,15095,-425100457#2,5.0,0.0
15096,15097,-425100457#3,15.0,0.0
15098,15099,-425100457#4,9.0,0.3333333333333335
15100,15101,-425100458#1,9.0,0.0
15102,15103,-425100459#0,8.0,0.0
15106,15107,-425100460#0,2.0,0.0
15108,15109,-425100460#1,11.0,0.0
15110,15111,-425100460#2,4.0,0.0
15114,15115,-425100461#1,11.6,2.333333333333334
15116,15117,-425100461#2,9.0,1.0
15120,15121,-425100461#4,10.0,0.0
15124,15125,-425100462#1,3.0,0.0
15126,15127,-425100462#2,10.0,0.9492753623188406
15128,15129,-425100462#3,10.0,0.9532019704433498
15132,15133,-425100465#0,10.2,2.3333333333333335
15136,15137,-425100465#2,7.0,0.0
15140,15141,-425100465#4,10.0,0.0
15144,15145,-425100466#0,2.0,0.0
15146,15147,-425100466#1,2.0,0.0
15148,15149,-425100466#2,2.0,0.0
15156,15157,-425100467#0,12.6,2.0
15158,15159,-425100467#1,9.0,0.0
15160,15161,-425100467#2,8.0,0.0
15168,15169,-425100469#0,11.0,1.5246734397677797
15170,15171,-425100470#0,1.0,0.0
15174,15175,-425100470#2,1.0,0.0
15180,15181,-425148882#0,4.0,0.25
15184,15185,-42517571#0,22.0,14.265151515151514
15186,15187,-42517571#1,18.6,2.0
15190,15191,-42517575#0,74.0,83.73076923076924
15192,15193,-42517576,9.0,0.0
15194,15195,-426547307,11.6,0.3333333333333335
15196,15197,-426547308,11.8,0.5
15198,15199,-42674130#1,8.8,6.000000000000001
15200,15201,-42674130#2,13.6,2.0
15212,15213,-42674133#6,29.0,1.333333333333334
15220,15221,-42674135#3,34.400000000000006,14.333333333333337
15222,15223,-4268967#1,6.0,0.6666666666666666
15224,15225,-42738708,50.0,259.1367346938776
15226,15227,-42738709#0,9.0,1.450083640013383
15228,15229,-42738709#00,8.0,0.6685513549682172
15230,15231,-42738709#1,9.0,3.244239990643641
15232,15233,-42745460,3.0,0.3869180894528922
15234,15235,-42745461#1,7.0,1.4445254685896411
15238,15239,-42756909,16.4,0.6666666666666666
15240,15241,-429033100,36.0,8.46451612903226
15256,15257,-433271143,4.0,1.8538205980066442
15258,15259,-433271144,2.0,0.0
15260,15261,-433809228,8.6,2.0
15262,15263,-433809243,4.0,0.3034330011074197
15264,15265,-433809256,8.2,2.333333333333334
15266,15267,-433809259#0,15.0,1.6000000000000008
15268,15269,-433809259#1,3.0,0.39999999999999997
15270,15271,-433809272#0,11.0,1.7878787878787883
15272,15273,-433809272#2,5.0,0.399576527525711
15274,15275,-433809275#0,12.0,1.466666666666667
15276,15277,-433809275#1,3.0,1.0666666666666667
15278,15279,-433809279#0,6.0,0.9166666666666666
15280,15281,-433809279#1,24.4,4.5
15282,15283,-433809279#2,5.0,3.0
15284,15285,-433809279#3,17.0,4.106097560975611
15286,15287,-433809279#4,3.4000000000000004,0.24999999999999997
15288,15289,-433809283#1,13.4,4.5
15290,15291,-433809283#2,25.2,3.3000000000000003
15292,15293,-433809283#3,4.0,0.6060606060606061
15294,15295,-433809283#4,12.0,3.049999999999999
15304,15305,-433809285#4,1.0,0.0
15314,15315,-434992724#0,4.0,0.25000000000000006
15316,15317,-434992724#1,8.4,0.6666666666666665
15318,15319,-434992724#2,1.0,0.0
15320,15321,-435015473,11.2,1.2999999999999998
15322,15323,-435127858#1,3.2,1.8
15324,15325,-435127858#2,7.600000000000001,37.34065934065934
15326,15327,-435127859#0,17.4,215.75
15328,15329,-435127859#1,11.0,0.25
15330,15331,-435127860,4.0,0.5714285714285714
15334,15335,-435275873,4.0,0.0
15336,15337,-435296968,39.0,34.79999999999999
15338,15339,-435366812,4.0,0.3
15342,15343,-435562885,1.0,0.0
15346,15347,-438473448,22.0,7.41025641025641
15352,15353,-439478422,2.0,0.21818181818181817
15354,15355,-439478423,1.0,0.0
15358,15359,-439871826,4.0,0.3611111111111111
15360,15361,-441565711,26.0,0.0
15362,15363,-441714405,8.0,0.0
15364,15365,-441810448#0,10.0,1.0370539566519468
15366,15367,-441810448#1,2.0,0.02029806100101492
15368,15369,-441810448#2,2.0,0.010308721934369608
15370,15371,-447569998,13.0,1.7523129791171035
15372,15373,-449283358#1,15.0,0.0
15376,15377,-45378204#0,10.0,1.2210084033613446
15378,15379,-45378204#1,19.0,3.030182072829129
15380,15381,-458260035#1,10.0,0.0
15382,15383,-461125445,19.8,4.333333333333335
15386,15387,-467634653,12.0,0.0
15388,15389,-467634654#0,4.0,0.0
15392,15393,-467634655#0,4.0,0.0
15400,15401,-467634657#0,10.0,0.0
15404,15405,-467634657#2,5.8,0.5
15412,15413,-467634659#2,7.0,0.0
15420,15421,-467634661#1,5.0,1.3333333333333333
15422,15423,-467634661#2,4.0,0.5666666666666667
15424,15425,-467634661#3,4.0,0.9444444444444444
15426,15427,-467634661#4,4.0,0.3636363636363636
15428,15429,-467634661#5,3.0,0.8787878787878789
15430,15431,-467634661#6,3.0,0.2666666666666666
15434,15435,-467634661#8,7.0,0.0
15436,15437,-469737222,17.0,0.0
15438,15439,-469737224,1.8,0.5
15448,15449,-47067278,50.6,2.0
15450,15451,-47067279,7.0,0.0
15452,15453,-472368141,4.0,0.0
15454,15455,-472368145,8.0,0.26666666666666666
15456,15457,-472368146,6.0,1.6111111111111112
15458,15459,-472368151,5.0,6.826945412311265
15460,15461,-472368152,4.0,1.0623655913978494
15462,15463,-475496139,17.0,0.0
15464,15465,-475496141#0,1.4000000000000004,55.33333333333334
15466,15467,-475496141#1,9.2,24.277777777777775
15468,15469,-475496141#2,4.0,4.666666666666666
15470,15471,-475496141#3,8.2,1.3333333333333335
15472,15473,-475886450,6.0,0.0
15478,15479,-480213874#1,3.0,2.088744588744589
15480,15481,-481432711,27.8,12.33333333333333
15482,15483,-4815093#1,13.4,1.5
15484,15485,-4815093#2,10.2,1.3
15486,15487,-4819338#1,41.60000000000002,336.27308601457315
15488,15489,-4819338#2,3.0,2.4742003870428184
15490,15491,-4819338#3,2.0,0.27500896049112683
15492,15493,-48234439#4,21.2,4.711111111111112
15494,15495,-4826080,10.0,1.150842955494118
15496,15497,-48444993,12.0,13.572737673538535
15498,15499,-484875201#1,12.400000000000006,11.348887718836377
15500,15501,-484875201#2,65.20000000000002,46.91119465329995
15502,15503,-484875201#3,32.0,22.212292609351444
15504,15505,-484875201#4,38.0,19.69802555168409
15506,15507,-484875201#5,102.80000000000001,107.6521739130435
15508,15509,-484875201#6,32.8,14.81060606060606
15510,15511,-486362408,3.8,0.5
15512,15513,-48742425#0,24.200000000000017,104.09916201117315
15514,15515,-48742425#1,2.0,6.450003035638387
15516,15517,-48742425#2,2.0,0.27946841294298924
15518,15519,-48742425#3,7.0,0.9146194375674472
15520,15521,-490041771,32.2,9.333333333333336
15522,15523,-490041772,49.6,144.5
15524,15525,-4942659#0,9.0,6.416254406208808
15526,15527,-4942659#1,10.0,2.5453947368421055
15530,15531,-49887169#2,1.0,0.0
15532,15533,-49887169#3,2.8,0.5
15534,15535,-500200351#0,8.0,0.9666666666666668
15536,15537,-500200351#1,12.6,0.3333333333333335
15538,15539,-50191615#0,8.600000000000001,0.9967320261437908
15540,15541,-50191615#1,6.0,0.7114624505928856
15542,15543,-50192291#0,3.0,0.23809523809523803
15546,15547,-50192291#2,4.6,0.33333333333333326
15548,15549,-50192291#3,1.6,0.3333333333333333
15550,15551,-50192291#4,3.0,0.33333333333333337
15552,15553,-50192291#5,1.0,0.0
15554,15555,-50192291#6,1.0,0.0
15556,15557,-50192291#7,3.0,0.33333333333333337
15558,15559,-50192291#8,3.4000000000000004,0.6666666666666666
15568,15569,-50299718,3.0,179.46666666666664
15570,15571,-506207150,30.0,9.083333333333332
15572,15573,-507836375,14.8,18.8
15574,15575,-507836379,16.0,8.638095238095238
15576,15577,-50833756#1,61.4,264.5
15582,15583,-51244813#5,11.0,2.757142857142858
15584,15585,-51244813#6,6.0,0.4678362573099414
15586,15587,-51244813#7,12.0,0.771951219512195
15588,15589,-51244813#8,2.0,0.3089700996677741
15590,15591,-51262567#0,10.0,10.572325421396629
15592,15593,-51262567#1,7.0,0.5109922756981577
15594,15595,-51262567#2,23.0,3.5978672170622685
15596,15597,-51262567#3,8.0,0.7698366149979056
15598,15599,-51262568,6.0,0.38669950738916264
15600,15601,-51450980#0,6.0,0.75
15602,15603,-51450980#1,4.0,0.4444444444444444
15604,15605,-51450980#2,4.0,0.2857142857142857
15618,15619,-515573959,5.8,0.5
15620,15621,-515574067,9.0,0.0
15634,15635,-51560242#0,3.0,0.0
15636,15637,-51560242#1,3.4000000000000004,1.6666666666666667
15638,15639,-51560242#10,1.0,0.0
15640,15641,-51560242#11,3.0,0.3
15642,15643,-51560242#12,1.0,0.0
15644,15645,-51560242#13,2.0,0.0
15646,15647,-51560242#14,2.0,0.0
15648,15649,-51560242#2,2.0,0.2857142857142857
15650,15651,-51560242#3,5.0,1.5535714285714286
15652,15653,-51560242#4,3.0,2.4
15654,15655,-51560242#5,4.0,2.0
15656,15657,-51560242#7,3.0,0.5535714285714285
15660,15661,-51560242#9,3.2,1.9999999999999998
15662,15663,-51560244#0,4.0,6.429166666666668
15664,15665,-51560244#1,3.0,0.75
15666,15667,-51560244#2,3.6,0.33333333333333337
15668,15669,-51560244#3,3.0,0.0
15670,15671,-51560244#4,3.0,0.0
15674,15675,-51560245,11.600000000000001,1.2678571428571426
15676,15677,-51560246#0,3.0,0.2857142857142857
15678,15679,-51560246#1,10.0,0.0
15680,15681,-51560246#2,2.0,0.30000000000000004
15682,15683,-51560246#3,2.6,1.0
15684,15685,-51560556,12.600000000000001,2.5714285714285716
15686,15687,-51560557#0,10.0,0.16666666666666677
15688,15689,-51560557#1,3.8,0.5
15690,15691,-51560557#2,8.0,0.0
15692,15693,-51560614#0,4.0,0.11111111111111115
15694,15695,-51560614#1,4.4,23.277777777777782
15696,15697,-51561013,11.0,0.0
15698,15699,-51561014,10.4,0.666666666666667
15702,15703,-515964574,5.2,1.3333333333333335
15704,15705,-51743953#1,8.0,0.984674994216979
15706,15707,-51743953#2,5.0,0.4235341124762763
15708,15709,-51743953#3,1.0,0.11672160623314357
15710,15711,-51745097#0,11.0,2665.372144942471
15712,15713,-51745097#0.38,54.0,5405.3769598283925
15714,15715,-51745097#1,4.0,19.163422825195116
15718,15719,-51856492#0,9.0,1.3666666666666667
15720,15721,-51856492#1,12.0,2.7999999999999994
15722,15723,-51856495#1,37.0,361.28153846153845
15724,15725,-51856496#0,4.0,0.4796249549224668
15726,15727,-51856496#1,1.0,0.20813045830435126
15728,15729,-51856496#10,1.0,0.06886611146700833
15730,15731,-51856496#2,5.0,0.7025067248840206
15732,15733,-51856496#3,11.0,0.6768884679138054
15734,15735,-51856496#4,6.0,0.6309421329507409
15736,15737,-51856496#5,4.0,0.5340796019900496
15738,15739,-51856496#6,3.0,0.2838190954773869
15740,15741,-51856496#7,2.0,0.29123115577889447
15742,15743,-51856496#8,2.0,0.31963802367389826
15744,15745,-51856496#9,6.0,0.7173675918070544
15746,15747,-51857519#1,37.0,204.09636545018694
15748,15749,-51872702,15.8,2.0
15752,15753,-51872706,9.0,0.714107365792759
15754,15755,-51872706.74,7.0,54.76167290886394
15758,15759,-51890699#0,34.0,5.466666666666671
15760,15761,-51890699#1,15.2,2.5
15764,15765,-51890700#0,58.0,40.666666666666664
15766,15767,-51890700#1,40.0,0.0
15772,15773,-521046800,9.0,0.0
15780,15781,-523096472,3.0,0.0
15786,15787,-523500301,5.800000000000001,3.0
15788,15789,-523500303,7.0,1.7666666666666664
15790,15791,-523500304,6.0,2.6666666666666665
15792,15793,-523500307,4.0,0.0
15794,15795,-52361552,125.6,2.0
15798,15799,-52513195,4.0,0.0
15800,15801,-52564193#1,2.6000000000000005,0.6964285714285715
15806,15807,-52918687#2,9.0,1.9
15808,15809,-52918687#4,21.6,12.0
15816,15817,-53396619#1,2.0,0.0
15818,15819,-53396619#2,5.6,0.33333333333333326
15820,15821,-53396619#3,5.8,0.5
15822,15823,-53396619#4,8.0,0.0
15824,15825,-53396619#6,14.0,0.4761904761904763
15828,15829,-53396623#0,7.0,0.0
15830,15831,-53396623#1,2.0,0.0
15832,15833,-53399445#1,3.0,2.558775510204082
15834,15835,-53399445#10,4.0,0.39195402298850557
15836,15837,-53399445#11,4.0,0.35215946843853835
15838,15839,-53399445#2,4.0,1.1773399014778323
15840,15841,-53399445#3,3.0,0.7826086956521742
15842,15843,-53399445#4,4.0,1.5625
15844,15845,-53399445#5,3.0,0.8181818181818181
15846,15847,-53399445#6,22.6,1.0
15848,15849,-53399445#7,4.0,1.3216374269005846
15850,15851,-53399445#8,4.0,0.26666666666666666
15852,15853,-53399445#9,4.0,0.8421052631578947
15856,15857,-53534122#1,42.0,0.33333333333333215
15858,15859,-537262420#0,4.6,2.0
15860,15861,-537262420#1,11.6,2.0
15864,15865,-53795883#0,8.0,0.5549450549450549
15866,15867,-53795883#1,11.4,1.4999999999999996
15868,15869,-53795883#10,11.0,0.871794871794872
15870,15871,-53795883#2,12.0,0.8727272727272727
15872,15873,-53795883#3,9.0,0.8000000000000006
15874,15875,-53795883#4,9.0,0.7186147186147185
15876,15877,-53795883#5,6.0,0.434782608695652
15878,15879,-53795883#6,15.0,3.5217391304347845
15880,15881,-53795883#8,9.0,1.1185770750988142
15882,15883,-53898183#0,19.6,2.0
15890,15891,-53898183#4,5.0,0.0
15894,15895,-541286865#1,4.0,0.32850482850482854
15896,15897,-541286865#2,24.6,8.446386946386948
15898,15899,-54154921#1,57.2,517.4749057394221
15900,15901,-54154921#2,3.0,0.40832696715049666
15902,15903,-54154921#3,8.0,0.5273321449792039
15904,15905,-54154922#1,19.0,190.35291929239514
15906,15907,-54154969#0,2.0,0.406979865771812
15908,15909,-54154969#1,9.0,12.3413422818792
15910,15911,-54154969#2,6.0,2.6096196868008943
15912,15913,-54154969#3,1.0,0.2516552575468523
15914,15915,-54154970,6.0,0.5535714285714285
15916,15917,-54154971,6.0,0.4116778523489936
15924,15925,-54169241#1,4.0,1.45
15926,15927,-54169241#2,6.0,0.125
15928,15929,-54169241#3,4.0,2.7
15930,15931,-54169241#4,16.0,5.444444444444445
15934,15935,-542617943,2.0,1974.8228894472359
15936,15937,-542642192,5.2,0.7
15938,15939,-542650762,15.0,0.0
15940,15941,-542650762.116,2.8,0.5
15942,15943,-54268333,3.0,0.0
15944,15945,-542727960#0,261.8000000000003,45260.467211480965
15946,15947,-542730346#1,37.0,219.0788962615311
15950,15951,-542760419#1,9.0,0.0
15956,15957,-542769269#0,4.0,1.2159930465015212
15958,15959,-542769270,36.4,11.7
15960,15961,-542769272#0,32.2,13.628947368421056
15962,15963,-542769272#1,5.0,0.6
15964,15965,-542769272#2,23.0,6.068181818181815
15966,15967,-542769273#0,4.0,0.33333333333333337
15968,15969,-542769274,3.0,1.3333333333333333
15970,15971,-542769275#0,8.0,2.3138138138138133
15972,15973,-542769276#0,11.0,1.090447746697746
15974,15975,-542806889,8.0,0.9620563035495714
15976,15977,-542806891#1,5.600000000000001,0.573122529644269
15978,15979,-54606419#0,12.0,2.4107142857142856
15980,15981,-54606419#1,3.0,0.21428571428571422
15982,15983,-54606419#2,4.6000000000000005,0.7857142857142857
15984,15985,-54606419#3,33.0,16.476190476190474
15986,15987,-54606432#0,4.0,0.4761904761904762
15988,15989,-54606432#1,47.8,37.238095238095234
15996,15997,-54828617#0,16.2,2.333333333333334
15998,15999,-54828621#0,10.0,0.5666666666666671
16000,16001,-54828621#1,18.0,1.5535714285714286
16002,16003,-54828621#2,1.6000000000000014,2.0294117647058822
16004,16005,-54828621#3,2.0,0.25146198830409355
16006,16007,-54828622#0,1.0,0.3974358974358974
16008,16009,-54828622#1,3.0,0.5256410256410257
16010,16011,-54828622#2,5.0,0.9743589743589745
16012,16013,-54828622#3,3.8,0.5
16014,16015,-54828622#4,3.0,0.9166666666666666
16018,16019,-54828622#6,1.0,0.0
16020,16021,-54828622#7,6.8,0.5
16022,16023,-54828623#0,14.0,4.988888888888889
16024,16025,-54828623#1,15.2,0.20000000000000018
16028,16029,-54828631,38.4,6.000000000000002
16030,16031,-54844250#0,35.2,6.333333333333334
16032,16033,-54844250#1,24.0,0.916666666666667
16034,16035,-54844250#2,5.8,0.5
16036,16037,-54844252#0,34.8,4.952380952380952
16038,16039,-54844252#1,20.6,0.33333333333333304
16040,16041,-54844253#0,32.4,11.111111111111114
16042,16043,-54844253#1,19.6,4.571428571428574
16044,16045,-54844254#0,37.400000000000006,28.95238095238096
16046,16047,-54844254#1,23.0,0.0
16048,16049,-54844257,19.8,6.333333333333333
16050,16051,-54844264#0,6.600000000000001,0.858974358974359
16052,16053,-54844264#1,17.0,0.33333333333333304
16056,16057,-54844264#3,8.0,11.238095238095239
16058,16059,-54844264#4,10.200000000000001,3.4285714285714293
16060,16061,-54844264#5,9.8,6.363636363636362
16062,16063,-54844264#6,8.0,1.6243386243386249
16064,16065,-54844264#7,10.0,4.729018492176387
16066,16067,-54858974#0,5.0,1.3439345472440944
16068,16069,-549401642#0,3.0,0.2538461538461539
16070,16071,-549401642#1,3.0,0.628458498023715
16072,16073,-549401642#3,36.8,18.66666666666666
16074,16075,-55600044#0,22.0,4.963396897220425
16076,16077,-55600044#1,23.0,5.434284784024309
16078,16079,-55600044#2,8.0,0.4647140221402213
16080,16081,-55600046#0,14.0,1.4576341187722812
16084,16085,-55693689#2,14.4,4.5
16086,16087,-55693689#3,2.0,0.0
16090,16091,-55693694#3,2.0,0.0
16094,16095,-55693698#1,22.4,4.5
16096,16097,-55728600,39.0,12.5
16104,16105,-55728621#0,20.4,7.0
16110,16111,-55728625#0,11.6,2.0
16120,16121,-56045715,21.0,15.61904761904762
16122,16123,-56045716,18.0,1.1999999999999997
16128,16129,-56045721,9.0,0.0
16130,16131,-56045725#1,3.2,1.3333333333333335
16132,16133,-56045725#2,8.2,1.333333333333333
16134,16135,-56045726#0,8.2,1.3333333333333335
16136,16137,-56045726#1,14.0,1.9999999999999998
16138,16139,-56045727,2.0,0.0
16140,16141,-56045730#0,10.8,2.9166666666666665
16142,16143,-56045730#1,8.6,0.3333333333333335
16180,16181,-56863461,26.400000000000002,7.266009852216747
16182,16183,-57401073,37.0,0.0
16190,16191,-57827548#0,2.0,0.0
16192,16193,-57827548#1,3.0,0.0
16194,16195,-57827550,4.8,0.5
16196,16197,-57827557,4.0,0.19999999999999998
16198,16199,-57827558,12.0,0.0
16200,16201,-57827562#0,1.6,0.3333333333333333
16202,16203,-57827562#1,5.0,0.0
16204,16205,-57827563#0,3.0,0.75
16206,16207,-57827563#1,7.0,0.9999999999999999
16208,16209,-57827563#3,6.0,0.19444444444444467
16210,16211,-57827563#4,2.0,0.11111111111111119
16212,16213,-57827566#0,17.0,0.0
16214,16215,-57827566#1,32.0,0.0
16218,16219,-582810637,8.0,1.211136102236421
16220,16221,-582810642#0,12.0,21.938719211822658
16222,16223,-582810642#1,2.0,7.668834154351396
16224,16225,-582810642#2,2.0,0.6075533661740551
16226,16227,-582810642#3,18.0,3.0163311688311674
16228,16229,-582810642#4,7.0,0.5588311688311686
16234,16235,-58295043,2.0,0.18951003800799118
16236,16237,-58622231#1,27.8,249.43274853801165
16238,16239,-58622231#10,6.0,0.3000000000000001
16240,16241,-58622231#2,6.0,26.50735294117647
16242,16243,-58622231#3,3.0,0.1544117647058824
16244,16245,-58622231#4,4.0,0.33516483516483514
16246,16247,-58622231#5,4.0,0.6287878787878788
16248,16249,-58622231#7,4.0,0.2666666666666667
16250,16251,-58622231#8,1.0,0.0
16252,16253,-58622231#9,17.0,3.366666666666666
16254,16255,-58622232#0,36.4,19.450292397660828
16256,16257,-58622232#1,18.200000000000003,12.026143790849673
16258,16259,-58622232#2,4.6,2.0
16262,16263,-58622232#4,1.0,0.0
16266,16267,-586823518#0,12.0,1.1428571428571432
16268,16269,-586823518#1,4.0,1.2857142857142856
16272,16273,-589179136,25.2,9.333333333333334
16274,16275,-589179144,2.0,0.1858407079646018
16276,16277,-589179147,11.8,5.666666666666667
16278,16279,-591726489,27.0,0.0
16280,16281,-591898302#0,5.0,0.7
16282,16283,-591898302#1,13.0,0.0
16284,16285,-591898302#10,3.0,0.0
16288,16289,-591898302#3,5.0,0.27941176470588236
16300,16301,-591899018#0,3.0,0.28571428571428575
16302,16303,-591899018#1,2.0,0.034482758620689655
16304,16305,-591899019,13.0,1.333333333333333
16306,16307,-591899020#0,1.0,0.3896825396825397
16308,16309,-591899020#1,2.0,0.26512096774193544
16310,16311,-591899020#2,1.0,0.2540322580645161
16312,16313,-591899020#3,2.0,0.4064516129032258
16314,16315,-594229006,2.0,0.2936603863016944
16316,16317,-595914500,11.0,8.333333333333336
16318,16319,-595914502,1.8,0.5
16320,16321,-595914503#0,10.0,0.5666666666666668
16326,16327,-596846691,11.200000000000001,2.2142857142857144
16332,16333,-60064938#0,7.0,0.2777777777777778
16334,16335,-60064938#1,5.0,1.0727272727272728
16336,16337,-60064938#2,5.0,0.5000000000000001
16338,16339,-60064938#3,9.600000000000001,1.0714285714285714
16340,16341,-60064938#4,2.0,1.0
16344,16345,-60100821#0,10.0,1.4500683994528045
16346,16347,-60100821#1,6.0,0.5494382022471909
16348,16349,-60100821#3,7.0,0.7841448189762802
16350,16351,-60100821#4,5.0,3.319995222169135
16356,16357,-602098904#2,3.0,0.0
16358,16359,-602098904#3,3.0,0.0
16360,16361,-602098904#4,2.0,0.0
16362,16363,-602098904#5,3.0,0.0
16364,16365,-602098904#6,3.0,0.19999999999999998
16376,16377,-60995199#2,135.4,292.9166666666667
16378,16379,-60995199#3,65.0,50.18300653594771
16380,16381,-611319805,29.2,12.455555555555556
16382,16383,-611319807#0,2.0,0.5160051216389244
16384,16385,-611319807#2,14.0,2.768186423505572
16386,16387,-611319807#3,3.0,0.24113475177304958
16388,16389,-611319810,33.0,9.46542346542346
16390,16391,-611319811#0,60.0,17.866666666666667
16394,16395,-611319827,11.0,11.032380952380946
16396,16397,-611569239#0,14.4,34.333333333333336
16400,16401,-611569255,10.600000000000001,80.55357142857143
16402,16403,-611569261,5.0,0.0
16406,16407,-611624476#1,5.0,0.0
16408,16409,-611624476#3,1.0,0.0
16410,16411,-612075145#0,1.0,0.125
16412,16413,-612075145#1,2.0,0.25
16414,16415,-612075145#2,12.4,4.611111111111111
16416,16417,-612075145#3,2.0,0.1111111111111111
16418,16419,-612075153#0,8.0,167.67164026047277
16420,16421,-612075158#1,6.0,1.9476190476190478
16422,16423,-612084389,11.0,0.0
16426,16427,-612084394,4.0,0.0
16430,16431,-612084400,45.0,0.0
16432,16433,-612084401#1,24.000000000000004,2073.4269005847955
16434,16435,-612087342,7.0,0.0
16436,16437,-61318930#0,3.0,0.7413793103448276
16438,16439,-61318930#1,1.0,0.31216931216931215
16440,16441,-61318930#2,2.0,0.25071225071225073
16442,16443,-61318930#3,7.0,1.2564102564102564
16446,16447,-61326420,13.0,2.5552631578947365
16454,16455,-61326427#1,23.200000000000003,10.777777777777775
16458,16459,-614738714,4.0,0.0
16460,16461,-614738715,6.4,0.9166666666666666
16464,16465,-614738717,6.0,0.2666666666666667
16466,16467,-614738718#0,7.000000000000001,5.7
16468,16469,-614738718#1,4.0,0.1666666666666667
16472,16473,-614738718#3,2.0,0.0
16478,16479,-614738719#0,2.0,0.0
16480,16481,-614738719#1,5.2,2.333333333333334
16482,16483,-614738719#2,2.2,1.3333333333333335
16484,16485,-614738719#3,3.0,0.0
16486,16487,-614738719#4,3.6,0.33333333333333337
16488,16489,-614738719#5,4.0,0.33333333333333326
16490,16491,-614738719#6,8.4,1.6666666666666667
16494,16495,-614738721,4.0,0.0
16500,16501,-61671904,6.0,0.4083171730230556
16502,16503,-61687506,2.0,0.0
16510,16511,-61909838#0,111.60000000000001,1409.0433333333333
16512,16513,-61909838#1,7.0,0.7499999999999998
16514,16515,-61909838#2,2.0,0.11111111111111119
16516,16517,-61909838#3,3.0,0.5277777777777777
16518,16519,-61909838#4,9.0,0.5535714285714287
16520,16521,-61909838#5,5.0,0.12500000000000008
16522,16523,-61940355,14.0,2.0952848447448873
16524,16525,-61940356,4.0,43.278258222260256
16528,16529,-62011796#0,6.0,0.39999999999999997
16530,16531,-62011797#4,7.0,1.7777777777777781
16532,16533,-62011798#0,6.0,1.2380952380952381
16534,16535,-62011798#1,20.0,9.366666666666667
16536,16537,-62011799#0,6.0,0.0
16538,16539,-62011799#1,1.0,0.0
16540,16541,-62011804#4,9.8,0.5
16544,16545,-620167544,19.0,3.8318998543139275
16548,16549,-623402295,11.2,0.7
16552,16553,-623402296#1,8.0,0.0
16554,16555,-623402296#2,9.6,0.33333333333333304
16556,16557,-623402297#0,8.0,0.0
16558,16559,-623402297#1,10.0,0.0
16560,16561,-624350642,13.0,1.3857894736842107
16562,16563,-627181816,2.8000000000000007,0.8095238095238094
16564,16565,-627181817,1.0,0.0
16566,16567,-627181818#0,12.0,4.7782706153517145
16568,16569,-631766893,35.6,10.333333333333327
16570,16571,-631839135#0,3.0,0.0
16572,16573,-631839135#1,7.2,8.0
16574,16575,-631839138#0,4.0,0.0
16580,16581,-633628836,15.8,0.5
16582,16583,-636801029,20.0,0.0
16584,16585,-63709069#0,5.0,8.666666666666668
16586,16587,-63709069#1,3.8,0.5
16588,16589,-63709074,10.4,0.9166666666666671
16590,16591,-63709075#0,6.0,2.6999999999999997
16592,16593,-63709075#1,5.0,0.9666666666666666
16594,16595,-63709077,4.0,0.0
16604,16605,-63709082#1,3.8,0.5
16606,16607,-638758710#0,19.0,2.0
16608,16609,-638758710#1,6.6,0.3333333333333335
16610,16611,-640370488,8.6,2.0
16612,16613,-640370489,6.0,0.2666666666666666
16614,16615,-640370491,10.2,1.1999999999999995
16618,16619,-640370561,8.0,0.0
16620,16621,-64080426#0,1.0,0.28571428571428575
16622,16623,-64080426#1,3.0,0.28571428571428575
16624,16625,-64089736,8.0,0.44111893583724565
16626,16627,-64092194,19.8,3.4242424242424216
16628,16629,-64203752,1.0,0.0
16630,16631,-64203754,5.2,2.2
16632,16633,-64203758,2.6,2.0
16634,16635,-64203761,3.0,0.0
16648,16649,-643314345,48.8,60.5
16650,16651,-64442505,11.600000000000001,43.333333333333336
16654,16655,-64442509#0,7.0,0.7427631446969842
16656,16657,-64442509#1,2.0,0.2622620313346306
16658,16659,-64442509#2,20.0,4.506605889235567
16660,16661,-64442509#3,34.0,11.2660374077846
16662,16663,-644489725#1,2.0,0.3
16664,16665,-644489725#2,4.2,1.3
16666,16667,-644489725#3,5.6,0.33333333333333326
16670,16671,-64464377#1,18.0,194.99325236167343
16672,16673,-64464377#2,6.0,0.7807971014492755
16674,16675,-64464377#3,3.0,0.8532608695652174
16676,16677,-64491209,8.0,0.0
16678,16679,-65047492#0,6.4,2.766666666666666
16680,16681,-65047492#1,21.8,7.6190476190476195
16682,16683,-65047492#2,25.0,7.563636363636364
16684,16685,-65047492#3,5.0,2.5588235294117645
16686,16687,-65047492#4,7.0,0.5923913043478258
16688,16689,-65047492#5,17.0,5.416666666666665
16690,16691,-653473568#0,4.0,0.31388511985526907
16692,16693,-653473568#1,4.800000000000004,0.23021257349615562
16694,16695,-653473569#0,3.0,0.39167797376752606
16696,16697,-653473569#2,14.0,1.9195171026156963
16698,16699,-653473569#3,6.0,0.48748043818466347
16700,16701,-653473569#4,3.0,0.2530441400304414
16702,16703,-653473569#5,5.0,0.3508371385083715
16704,16705,-653473569#6,2.0,0.31532147742818056
16706,16707,-653473569#7,5.0,0.2682626538987687
16708,16709,-659389376#0,20.4,4.5
16710,16711,-659389376#1,8.0,0.0
16712,16713,-666132823#0,1.8000000000000007,1.0000000000000002
16714,16715,-666132823#1,13.0,0.0
16716,16717,-666132823#2,2.0,0.25
16718,16719,-666132824,15.0,0.0
16720,16721,-666132825#0,22.0,0.0
16726,16727,-672008260#1,12.0,0.0
16730,16731,-67237928#0,17.2,8.0
16732,16733,-67237928#1,6.0,0.0
16734,16735,-67237928#2,10.0,0.8000000000000003
16736,16737,-67237950,9.0,0.0
16738,16739,-67237955#0,11.0,1.2753623188405805
16740,16741,-67237955#1,2.0,0.0865800865800866
16744,16745,-67237957,21.6,2.0
16746,16747,-67237958#1,41.800000000000004,207.67341430499323
16748,16749,-67237958#2,1.0,0.15114709851551958
16750,16751,-67237958#3,2.0,0.24291497975708504
16752,16753,-67237958#4,5.0,1.183535762483131
16754,16755,-67237958#5,2.0,0.2333333333333334
16756,16757,-67237962,24.0,0.0
16758,16759,-67237972#0,4.0,0.33333333333333337
16760,16761,-67237972#1,3.0,0.0
16762,16763,-67237972#2,3.6,0.33333333333333337
16772,16773,-67237972#7,4.0,0.0
16774,16775,-67237979#0,2.0,0.2373015873015874
16776,16777,-67237979#1,9.0,0.904183535762484
16778,16779,-67237979#2,10.0,1.1614509246088196
16780,16781,-67237985#0,8.0,2.0
16782,16783,-67237985#1,33.8,15.200000000000001
16784,16785,-67237985#2,7.0,0.6081871345029242
16790,16791,-67238004,29.0,0.0
16798,16799,-67238006#3,4.0,1.3333333333333335
16802,16803,-67238006#5,1.0,0.0
16808,16809,-67238013,12.8,10.916666666666666
16812,16813,-67238016#1,4.0,0.25422077922077924
16814,16815,-67238016#2,4.0,0.6922558922558925
16816,16817,-67238024,22.0,0.0
16818,16819,-67238025#0,30.0,0.0
16820,16821,-67238025#1,7.800000000000001,3.0
16824,16825,-67238031#1,3.0,0.0
16830,16831,-675026435#0,8.0,0.0
16832,16833,-675026435#1,6.0,0.0
16834,16835,-675026436#0,6.0,0.0
16836,16837,-675757784#0,12.4,1.6666666666666667
16838,16839,-675757784#1,12.0,1.333333333333334
16840,16841,-675757784#2,7.800000000000001,0.8095238095238098
16842,16843,-675757784#3,4.0,0.4000000000000001
16844,16845,-675757784#4,5.0,2.3508064516129017
16850,16851,-675757785#2,9.0,0.0
16856,16857,-676400899,6.0,0.0
16858,16859,-677165951,13.600000000000001,8.666666666666666
16860,16861,-677165952,4.0,0.33333333333333326
16862,16863,-677165953#0,8.0,1.333333333333333
16864,16865,-677165953#1,37.8,16.333333333333343
16866,16867,-677541740#0,7.0,1.3636363636363633
16872,16873,-679514632,3.4000000000000004,0.25
16874,16875,-679514635,9.0,0.0
16884,16885,-682620738#1,1.0,0.0
16888,16889,-682944656,2.0,0.0
16890,16891,-69556532#0,5.0,1.3333333333333335
16892,16893,-69556532#1,2.0,0.0
16900,16901,-700272068,2.0,0.8940892934898177
16904,16905,-700272077,4.0,1.1873234811165851
16906,16907,-700668007#0,25.0,0.33333333333333304
16908,16909,-700668007#1,20.0,4.643790849673202
16910,16911,-700668008,5.4,0.25000000000000006
16912,16913,-701585558,3.0,0.0
16916,16917,-701585562,6.2,2.333333333333333
16920,16921,-708784615#0,3.0,0.25
16922,16923,-708784615#1,20.0,8.333333333333336
16926,16927,-708784616#1,23.0,183.0790855090483
16930,16931,-708784622,8.8,0.5
16932,16933,-708784623,7.0,0.0
16936,16937,-708784624#1,2.8000000000000007,1.2424242424242424
16938,16939,-708784625#1,3.0,0.711111111111111
16942,16943,-710645378,6.0,0.0
16944,16945,-710645391,3.0,0.13315833432764593
16946,16947,-710645392,1.0,0.24680649366038632
16948,16949,-714371902,12.4,4.5
16950,16951,-716773937,38.0,0.0
16952,16953,-71809618#0,6.0,0.7387640449438204
16954,16955,-71809618#1,3.0,0.24948927477017363
16956,16957,-71809618#3,6.0,0.43513745704467377
16958,16959,-71809618#4,5.0,0.47938144329896915
16960,16961,-71809618#5,4.0,0.22772277227722776
16962,16963,-718481091#0,8.0,0.35672514619883045
16964,16965,-718481095,9.0,1.246212121212121
16966,16967,-718481097#1,43.2,254.4729344729344
16968,16969,-718481097#2,1.4000000000000004,0.25
16970,16971,-718481097#3,5.4,0.6666666666666666
16972,16973,-718481107,2.0,2.0119047619047614
16976,16977,-718797712#2,42.0,0.0
16978,16979,-718797712#3,75.0,0.0
16980,16981,-718800194#0,10.4,6.75
16982,16983,-718801802,29.0,0.0
16986,16987,-718828178#1,12.0,109.50198565311081
16988,16989,-718828179#1,2.0,110.51982456140358
16990,16991,-718828179#1.15,55.0,487.9570175438598
16992,16993,-718828183#0,7.4,0.24999999999999992
16994,16995,-718828183#1,6.0,0.0
16996,16997,-718828183#2,6.0,0.0
16998,16999,-718828183#4,16.0,0.0
17002,17003,-718828184#0,8.0,1.0282467532467534
17004,17005,-718828184#1,9.0,6.776769509981851
17006,17007,-718828185#0,9.0,0.44444444444444464
17008,17009,-718828185#1,7.0,0.9666666666666665
17010,17011,-718828185#2,19.0,3.0545454545454516
17012,17013,-718828185#3,6.200000000000001,1.838095238095239
17014,17015,-718828186#0,14.0,2.3106122448979605
17016,17017,-718828186#1,4.0,0.2377428307123034
17018,17019,-718844696,1.0,0.0
17020,17021,-718844697#0,3.0,0.0
17022,17023,-718844697#1,5.0,3.0
17024,17025,-718844698#0,7.6,2.0
17026,17027,-718844698#1,1.8,0.5
17028,17029,-718844698#2,8.8,3.0
17030,17031,-718844698#3,5.0,0.5375494071146245
17032,17033,-718844698#4,1.0,0.14492753623188404
17034,17035,-718844698#6,4.0,0.33618233618233617
17036,17037,-718844698#7,14.8,46.165242165242155
17038,17039,-718850686#1,10.0,1.9150027277686859
17040,17041,-718850686#1.225,7.0,18.572775945821377
17042,17043,-718850686#1.88,8.0,0.7670027891010507
17048,17049,-718926969#0,5.0,0.4643874643874644
17050,17051,-718926969#1,8.8,0.9173789173789176
17052,17053,-71900674#0,6.0,0.6060606060606061
17054,17055,-71900674#1,6.0,0.8974358974358974
17056,17057,-71900674#2,5.0,1.3636363636363638
17058,17059,-71900674#3,14.0,2.666666666666667
17060,17061,-71900676,10.2,1.333333333333333
17062,17063,-719015092,8.200000000000001,2.25
17064,17065,-719015093,3.0,0.22029627830732795
17066,17067,-719015094#0,2.0,0.10421346609191914
17068,17069,-719015094#1,3.0,0.2777305567360815
17092,17093,-72475188#4,10.8,0.5
17110,17111,-72475201#0,5.6,0.33333333333333326
17126,17127,-72562650,22.0,3.9622332058536265
17128,17129,-72562655#0,70.4,97.5111111111111
17130,17131,-72562655#1,12.0,1.6999999999999997
17132,17133,-72562662#1,3.8,0.5
17134,17135,-72562672,10.0,1.003697656908133
17140,17141,-72562675,14.0,3.563636363636364
17142,17143,-72562681,3.0,0.0
17148,17149,-72562698#2,6.0,0.0
17150,17151,-72562699,1.6000000000000014,0.1923076923076923
17152,17153,-72562708,8.0,0.8609195402298847
17154,17155,-72562710,7.600000000000001,1.4230769230769234
17156,17157,-726080889#0,3.0,0.0
17158,17159,-726080889#1,1.0,0.0
17160,17161,-726080889#2,2.0,0.0
17162,17163,-726080889#3,2.0,0.0
17164,17165,-726080889#4,3.0,0.0
17166,17167,-726080889#5,4.2,1.3333333333333333
17168,17169,-726080890,13.0,0.0
17170,17171,-726080896#1,9.200000000000003,32.0
17174,17175,-726080899,22.400000000000013,458.0
17176,17177,-726514446,2.0,0.3048015080604841
17178,17179,-726514447,3.0,0.2666666666666667
17180,17181,-726514448#0,7.6,2.0
17182,17183,-726514448#1,1.0,0.0
17184,17185,-726514448#2,7.0,1.3333333333333335
17186,17187,-726514451#1,4.0,7.528837719298246
17188,17189,-726514451#1.22,93.0,1220.1908424908424
17190,17191,-726514451#2,4.0,1.1400966183574879
17192,17193,-726514451#3,3.0,0.5978494623655914
17194,17195,-726514453#1,58.0,658.3562030905077
17196,17197,-726514453#2,11.0,1.5123042505592843
17198,17199,-726514453#3,7.0,0.6386460761460763
17200,17201,-726514454,2.0,0.2507822129515502
17204,17205,-726515361,4.0,0.5612599206349205
17206,17207,-726515362,2.0,0.0
17208,17209,-726515363,10.8,0.5
17210,17211,-72883541#0,8.0,0.8823529411764705
17212,17213,-72883541#1,6.0,0.6254988913525497
17214,17215,-72883541#2,14.0,0.0
17216,17217,-72883541#3,27.0,0.0
17218,17219,-72883544#1,9.0,2.3000000000000003
17220,17221,-72883546,2.0,0.0
17222,17223,-72883554,6.4,1.6944444444444446
17224,17225,-72883558#0,9.0,2.9523809523809526
17226,17227,-72883558#1,3.0,0.7666666666666667
17228,17229,-72883559,51.8,0.5
17232,17233,-746483005#1,7.0,6.351683485805909
17234,17235,-746483006#1,9.0,48.83337294984547
17236,17237,-746483006#2,3.0,1.5357689950980395
17238,17239,-746483006#3,4.0,0.3054323892257113
17240,17241,-746483006#4,3.0,0.2638996138996138
17242,17243,-746483006#5,6.0,0.5083416087388278
17244,17245,-746483006#6,9.0,1.7747638213427255
17250,17251,-746700171,3.0,0.30731280337391575
17256,17257,-746700173#0,12.0,13.706533776301214
17258,17259,-746700174,3.0,0.0
17260,17261,-746700175,3.0,0.9333333333333333
17262,17263,-746700176,24.6,6.222222222222227
17264,17265,-746700180#1,8.0,2.1914688516688754
17266,17267,-746700181#0,5.0,1.4068031109291845
17268,17269,-746700181#0.55,3.0,0.45486219681064954
17270,17271,-746700182,23.0,105.62376938130369
17272,17273,-746700183#1,13.0,67.77518993046613
17274,17275,-746700186#0,5.0,1.7142857142857142
17276,17277,-746700186#2,9.600000000000001,5.696428571428571
17278,17279,-747007933#0,4.0,0.25000000000000006
17280,17281,-747007936,6.0,0.0
17286,17287,-749560260,5.0,0.2666666666666668
17288,17289,-749560261,7.0,0.8323752204109536
17290,17291,-749560273,6.0,1.339331501410703
17292,17293,-749560274#2,20.0,67.00501253132832
17294,17295,-75123311,97.0,112.5
17296,17297,-75123338,22.2,1.3333333333333321
17298,17299,-75123439,92.0,175.0
17300,17301,-75123444,129.2,303.2888888888888
17302,17303,-75123449,61.0,0.0
17304,17305,-752837945#0,7.0,3.2
17306,17307,-752837945#1,1.0,0.14285714285714285
17308,17309,-752837946,12.0,3.142857142857142
17310,17311,-753083360#0,10.0,3.763698630136984
17312,17313,-753083360#1,5.0,0.5088927137119909
17314,17315,-753083360#2,1.0,0.1771371199082043
17316,17317,-753083360#3,6.0,0.6282271944922548
17318,17319,-753083361,17.0,81.29819277108435
17320,17321,-75405815,26.0,0.0
17324,17325,-754318765#0,4.0,0.0
17326,17327,-754318765#1,2.0,0.0
17332,17333,-758073515,16.0,0.0
17334,17335,-758073516,3.0,0.25000000000000006
17342,17343,-764189466,6.0,0.0
17344,17345,-765244914#1,147.0,28674.8
17346,17347,-765541113,3.0,5.1000000000000005
17354,17355,-768560222,18.0,0.0
17358,17359,-77033040,11.2,1.3
17360,17361,-770768081,14.0,2.259633511304462
17362,17363,-770847746,20.0,5.666666666666667
17364,17365,-771682710#0,12.2,0.5000000000000002
17366,17367,-771682710#1,1.0,0.0
17368,17369,-77169979,14.0,1.5277777777777777
17370,17371,-771705191#0,12.000000000000002,59.27777777777778
17376,17377,-771705192,17.200000000000003,4.1944444444444455
17378,17379,-771710367,2.0,2.060606060606061
17380,17381,-772879616,10.8,3.238095238095239
17382,17383,-772879617#0,6.4,0.24999999999999992
17384,17385,-772879617#1,5.0,0.25
17386,17387,-772913612#3,11.0,0.5666666666666667
17388,17389,-774543488#0,3.0,0.0
17394,17395,-774543490#0,14.6,1.0
17398,17399,-774543491,11.0,0.0
17402,17403,-774631638#1,11.0,1.5714285714285712
17404,17405,-774631639,17.8,0.5
17406,17407,-775009293,18.8,0.5
17408,17409,-775009294,20.6,2.0
17410,17411,-77526509#0,10.0,0.7000000000000004
17412,17413,-77526509#1,19.8,6.285714285714291
17414,17415,-77526509#2,16.6,2.0
17420,17421,-775849466,5.0,0.3333333333333335
17422,17423,-775903823,11.0,0.0
17426,17427,-775904955,48.800000000000004,973.0
17442,17443,-776461317,11.8,0.5
17444,17445,-77670311#0,30.8,8.08333333333333
17446,17447,-77670311#1,5.0,2.4575163398692808
17448,17449,-776815479,3.8,0.5
17450,17451,-776923595#1,20.8,8.225274725274723
17452,17453,-776943061#1,11.4,4.5
17454,17455,-777420322,4.0,0.4105263157894737
17456,17457,-778163219#0,4.0,0.0
17458,17459,-778163219#1,2.2,0.5
17460,17461,-778163219#2,13.4,4.916666666666667
17462,17463,-778163219#3,5.6,0.33333333333333326
17464,17465,-778486948,6.800000000000001,1.0
17466,17467,-778486949#0,10.6,2.0
17468,17469,-778486949#1,5.0,0.8
17470,17471,-778486950,11.4,1.485380116959065
17478,17479,-77912241#0,10.0,0.8710526315789472
17480,17481,-77912241#1,9.0,0.7261538461538463
17482,17483,-77912268,20.4,9.33333333333333
17486,17487,-779463170,9.0,0.0
17496,17497,-779963063#0,2.0,0.0
17506,17507,-779963080,8.0,0.0
17510,17511,-779963083#1,4.0,1.0
17512,17513,-779963083#2,4.0,0.0
17514,17515,-779963086,4.0,0.9166666666666666
17518,17519,-779963104#0,4.800000000000001,1.2857142857142858
17520,17521,-779963104#1,3.0,0.0
17522,17523,-779963104#2,17.0,0.0
17524,17525,-779963108#0,1.0,0.16666666666666669
17526,17527,-779963108#1,3.0,1.4666666666666666
17528,17529,-779963108#2,33.0,20.333333333333332
17530,17531,-779963108#3,2.4000000000000004,0.9166666666666666
17532,17533,-779963109,12.0,1.7000000000000002
17534,17535,-779963111#0,23.400000000000002,158.7
17538,17539,-779963112,1.0,0.0
17546,17547,-780085523,6.0,0.0
17548,17549,-780108803#0,3.0,0.33333333333333326
17550,17551,-780108803#1,2.0,0.2666666666666667
17552,17553,-780108803#2,2.0,0.5666666666666667
17554,17555,-780108804,2.8,0.5
17556,17557,-780108805,9.4,0.8791208791208797
17562,17563,-780144784#2,1.6,0.3333333333333333
17566,17567,-780151720,6.800000000000001,0.619047619047619
17568,17569,-780151721#0,6.6000000000000005,0.5714285714285714
17572,17573,-780151723,7.2,0.7000000000000002
17574,17575,-780206711,2.0,0.0
17576,17577,-780208933#1,20.0,0.0
17578,17579,-780399589,9.0,0.0
17580,17581,-780400470,14.2,4.0
17582,17583,-780400471,9.8,0.5
17590,17591,-780488951,11.2,2.0
17592,17593,-780592074,2.0,0.0
17594,17595,-780592075#0,4.0,0.0
17596,17597,-780592075#1,6.400000000000002,2.142857142857143
17598,17599,-780592076#0,2.6,2.0
17600,17601,-780592076#1,2.0,0.0
17602,17603,-780592077,3.0,0.33333333333333337
17604,17605,-780592078,4.0,58.238095238095234
17606,17607,-780592079#0,1.0,0.0
17608,17609,-780592079#1,1.0,0.0
17610,17611,-780733873,14.2,8.0
17612,17613,-780863324,9.4,1.666666666666667
17614,17615,-780869567#0,12.0,0.0
17616,17617,-780869567#1,2.0,0.0
17620,17621,-780913598#0,2.8,0.5
17622,17623,-780913598#1,14.6,4.333333333333334
17626,17627,-780913599#1,10.0,0.0
17630,17631,-780951181#1,7.8,0.5
17632,17633,-780951181#2,12.8,0.5
17636,17637,-781302071#1,7.0,0.3333333333333335
17642,17643,-781741850#1,4.800000000000001,6.0
17644,17645,-782708741,14.6,0.33333333333333304
17646,17647,-782710385#1,3.2,0.20000000000000004
17650,17651,-782710385#3,2.0,0.0
17652,17653,-782710385#4,7.8,0.5
17654,17655,-782710386,15.4,16.0
17664,17665,-784165402,34.0,0.0
17670,17671,-785858199#0,3.0,0.0
17674,17675,-785858200,5.0,0.33333333333333326
17680,17681,-785899677#1,3.0,0.0
17684,17685,-786471387,22.8,108.0
17688,17689,-786572368,8.8,0.5
17690,17691,-786583472,4.8,0.5
17698,17699,-787112572,7.0,0.0
17704,17705,-787965027,11.4,0.6666666666666666
17714,17715,-788776521#0,49.0,25.316666666666666
17716,17717,-788776521#1,26.0,6.860294117647057
17718,17719,-788776521#2,5.0,0.4960106382978722
17720,17721,-789342292#0.18,15.0,0.0
17722,17723,-789844314,10.2,2.3333333333333326
17724,17725,-790001123,11.4,3.3
17726,17727,-790651031,23.2,6.333333333333333
17728,17729,-791207676,13.0,0.0
17730,17731,-791259521,11.6,0.3333333333333335
17732,17733,-791264657#0,7.0,1.1636363636363634
17734,17735,-791264657#1,6.0,1.4999999999999998
17736,17737,-791264658,6.200000000000001,3.5833333333333335
17738,17739,-791362821,12.4,4.5
17742,17743,-791808809,23.600000000000005,110.33333333333333
17744,17745,-791808810#0,4.0,1.0
17746,17747,-791808810#1,4.6,1.0
17752,17753,-791808813,6.6,0.33333333333333326
17756,17757,-79203265,38.8,10.916666666666666
17758,17759,-792046574,24.8,4.333333333333335
17764,17765,-792797765,13.8,1.5833333333333337
17770,17771,-794349351,15.4,4.5
17774,17775,-794349354#0,3.0,1.04093567251462
17776,17777,-794349354#1,13.0,5.235294117647059
17778,17779,-794349354#2,3.0,0.9636363636363636
17780,17781,-794349355,16.6,2.0
17782,17783,-794669422,8.2,1.7000000000000004
17786,17787,-795489028,13.4,4.5
17788,17789,-795585638,21.2,8.0
17792,17793,-797226140#0,3.0,0.9636363636363632
17794,17795,-797226140#1,24.200000000000003,2.9999999999999987
17796,17797,-797226140#2,25.0,0.0
17800,17801,-797327371#1,12.6,2.0
17804,17805,-797840524,8.8,4.333333333333334
17806,17807,-798269066#0,7.2,1.3
17808,17809,-798269066#1,5.0,0.33333333333333326
17810,17811,-798269067#0,5.0,0.0
17812,17813,-798269067#1,5.8,0.5
17814,17815,-798269068,3.0,0.0
17820,17821,-799538919,4.0,0.0
17824,17825,-800890645,24.6,7.0
17830,17831,-801880267,12.0,0.0
17834,17835,-802847229,4.0,0.0
17838,17839,-8033459#1,4.0,1.350942460317461
17840,17841,-8033459#2,27.8,18.0
17842,17843,-8033459#3,4.0,0.0
17844,17845,-8033459#6,20.0,0.0
17846,17847,-8033459#7,3.0,0.0
17848,17849,-8033460#1,49.800000000000004,538.8921052631579
17850,17851,-803546304#1,39.0,0.0
17852,17853,-803564142,20.0,9.7
17856,17857,-803727017#0,6.4,0.9166666666666664
17858,17859,-803727017#1,9.0,0.0
17860,17861,-803727017#2,9.0,0.0
17864,17865,-804518765,9.0,2.2666666666666666
17866,17867,-805074682,1.8,0.5
17870,17871,-80518321#0,26.0,7.330716253443523
17872,17873,-80518321#1,4.800000000000011,0.4693808427042407
17874,17875,-80518321#2,9.0,2.1897439371358898
17876,17877,-805893591,13.0,1.333333333333334
17884,17885,-806941711#0,4.0,0.26371227608190967
17886,17887,-806941711#1,2.0,0.23524825889608825
17900,17901,-807111100#3,3.0,0.0
17902,17903,-807111100#4,3.0,0.0
17904,17905,-807111100#5,4.0,0.6190476190476191
17906,17907,-807111101,4.0,2.7
17910,17911,-807111103,3.0,0.0
17916,17917,-807310150,20.8,18.0
17918,17919,-807310151#0,16.0,3.480295566502462
17920,17921,-807310151#1,5.0,0.32019704433497537
17922,17923,-807310151#2,80.2,70.61609195402298
17924,17925,-807310151#3,22.8,3.0
17926,17927,-807310151#4,65.0,47.522580645161284
17928,17929,-807310152,22.8,2.6666666666666665
17932,17933,-807310416,28.0,0.0
17940,17941,-808400593,7.8,0.5
17942,17943,-808643943,12.0,4.666666666666666
17948,17949,-810275624,1.0,0.0
17950,17951,-810275626,3.0,0.9666666666666666
17952,17953,-812556219,6.800000000000001,3.5277777777777777
17960,17961,-812643950#0,21.6,1.0
17962,17963,-812648595#0,20.4,9.333333333333334
17964,17965,-812648595#1,16.0,2.672727272727273
17966,17967,-812648595#3,10.0,1.6736842105263152
17968,17969,-812648595#4,10.0,3.773333333333334
17970,17971,-812648598,16.0,3.4747983870967727
17972,17973,-812648599,13.0,0.0
17974,17975,-812648600,11.8,2.0
17976,17977,-812648601,9.8,20.238095238095237
17978,17979,-812648603,7.0,0.0
17986,17987,-813022184#0,29.0,1.3666666666666665
17990,17991,-813022184#2,1.0,0.0
17992,17993,-813022185#0,1.0,0.0
17996,17997,-813022186,1.0,0.0
18000,18001,-813396199,3.6,0.33333333333333337
18002,18003,-813607518,16.0,0.0
18004,18005,-813800286,9.0,0.0
18006,18007,-814515313,18.0,0.0
18008,18009,-814691983#0,4.0,0.36706935123042483
18010,18011,-814691983#0.40,5.0,5.270693512304247
18012,18013,-814691983#1,2.0,0.2054794520547946
18014,18015,-814691983#2,4.0,0.4561968680089486
18016,18017,-814691983#3,8.0,0.904407763468166
18018,18019,-814691983#4.0,9.0,21.740481740481734
18020,18021,-814691983#4.89,6.0,0.5175124103695535
18022,18023,-814691989#0,1.0,0.14080656185919344
18024,18025,-814691989#1,3.0,0.3252190847127557
18026,18027,-814691991,12.0,16.245463584389757
18028,18029,-815004589,1.0,0.0
18032,18033,-815412592#0,64.0,477.55001481188896
18034,18035,-815412597#0,7.600000000000023,77.2271139063592
18036,18037,-815412597#1,5.0,5.972410673903211
18038,18039,-815412597#2,6.0,0.5131147540983606
18040,18041,-815412597#3,7.0,0.6912442396313362
18042,18043,-815412597#4,13.0,2.2104938271604935
18044,18045,-815412603#0,53.0,505.10253793825177
18046,18047,-815412608,10.0,379.48737087816266
18048,18049,-815412608.73,60.200000000000045,1440.9168725941472
18050,18051,-815412622,57.20000000000002,492.0766555183941
18052,18053,-815822086#3,5.0,0.0
18054,18055,-815822086#4,3.0,0.0
18056,18057,-815856347,10.4,7.0
18060,18061,-816083237#0,1.0,0.33333333333333337
18062,18063,-816083237#1,21.8,18.0
18108,18109,-816120712,8.0,0.0
18114,18115,-816120714#1,12.0,0.0
18116,18117,-816120715#0,9.0,0.0
18120,18121,-816120716,5.0,0.0
18136,18137,-816120719,4.8,0.5
18140,18141,-816120721,4.6,0.33333333333333326
18144,18145,-816126529,4.0,0.0
18148,18149,-816133986#1,14.0,4.300000000000002
18150,18151,-816133986#1.103,39.0,397.06666666666666
18152,18153,-816162125,7.0,0.0
18154,18155,-816162126,21.0,0.0
18158,18159,-816162128#0,2.0,0.0
18160,18161,-816162128#1,13.8,0.5
18164,18165,-816162128#3,2.0,0.0
18166,18167,-816162128#4,17.0,2.1666666666666656
18178,18179,-816162132#0,3.4000000000000004,0.25000000000000006
18182,18183,-816162133,22.0,2.0
18184,18185,-816162134,8.0,1.0
18188,18189,-816170759,23.2,1.3000000000000007
18200,18201,-816175256,8.2,2.0
18202,18203,-816175257#0,18.200000000000003,6.277777777777777
18206,18207,-816175261,11.6,1.0
18208,18209,-816178097#0,2.0,0.0
18210,18211,-816178097#1,9.0,0.4444444444444444
18212,18213,-816178099,4.0,1.1666666666666667
18214,18215,-816178100,5.800000000000001,1.2857142857142854
18216,18217,-816178101,7.6,0.3333333333333335
18218,18219,-816178102,2.0,0.30000000000000004
18220,18221,-816195562,22.0,0.0
18222,18223,-816195563,26.6,14.333333333333336
18230,18231,-816206616,8.0,0.30000000000000004
18234,18235,-816209588,1.8,0.5
18238,18239,-816209590,3.0,0.0
18240,18241,-816209591,3.0,0.0
18242,18243,-816209593#0,38.0,19.07142857142858
18244,18245,-816209593#1,5.0,0.2624999999999999
18246,18247,-816209593#2,4.800000000000001,0.7948717948717948
18248,18249,-816209594#0,3.0,0.2777777777777778
18250,18251,-816209594#1,4.0,2.7
18252,18253,-816209594#2,4.2,1.3333333333333333
18254,18255,-816209594#3,3.0,0.0
18256,18257,-816209594#4,5.0,0.0
18264,18265,-816438820,14.8,0.5
18266,18267,-816438821#0,13.0,1.9875012636590046
18268,18269,-816438821#1,7.0,0.5890497788545512
18270,18271,-816461641,19.0,0.0
18274,18275,-816461644#1,20.6,3.1742424242424225
18276,18277,-816461645,7.0,2.111111111111111
18282,18283,-816461648#1,11.4,4.5
18284,18285,-816461649,6.800000000000001,0.6666666666666666
18290,18291,-816466985,16.0,0.0
18292,18293,-816466986#1,59.0,800.0
18298,18299,-816466987,7.0,0.0
18300,18301,-816466988,12.2,8.0
18302,18303,-816466989#0,4.0,0.1666666666666667
18304,18305,-816466989#1,12.6,1.0
18306,18307,-816466989#2,15.0,0.0
18308,18309,-816476702,11.6,1.0
18310,18311,-816476703#0,8.4,0.25000000000000017
18318,18319,-816476704,11.0,0.0
18326,18327,-816483538,27.6,2.0
18328,18329,-816483539#1,3.8,0.5
18330,18331,-816483539#2,7.0,0.0
18332,18333,-816483539#3,24.6,2.333333333333335
18340,18341,-816483542,2.0,0.0
18358,18359,-816501621,13.0,3.0160427807486623
18360,18361,-816501622#0,28.0,10.25
18362,18363,-816501622#1,25.0,7.015384615384617
18364,18365,-816504078,13.600000000000001,5.666666666666665
18366,18367,-816504079,25.0,0.0
18370,18371,-816504081,19.6,1.0
18372,18373,-816504082,6.0,0.0
18376,18377,-816504084,7.4,1.6666666666666667
18380,18381,-816506792,7.6,0.3333333333333335
18382,18383,-816506793,9.6,2.0
18384,18385,-816506794#0,2.0,0.0
18388,18389,-816506795,10.6,2.0
18390,18391,-816506796#0,3.0,0.2678571428571428
18394,18395,-816506796#2,2.8,0.5
18396,18397,-816506796#3,3.0,0.0
18402,18403,-816506796#6,1.0,0.0
18406,18407,-816506796#8,3.0,0.0
18414,18415,-816511117,8.0,0.0
18418,18419,-816511118#1,3.0,0.3333333333333333
18424,18425,-816511120#1,3.0,0.0
18428,18429,-816511122#1,7.0,0.0
18436,18437,-816531488,6.0,0.0
18440,18441,-816532196,11.0,1.7000000000000004
18442,18443,-816532197,6.0,0.0
18444,18445,-816603268,3.0,0.631578947368421
18446,18447,-816603269#0,3.0,0.2545454545454546
18448,18449,-816603269#1,24.4,4.5
18450,18451,-816603269#2,5.0,0.3766666666666667
18452,18453,-816603270#0,11.600000000000001,14.333333333333332
18456,18457,-816603270#2,4.0,2.166666666666667
18458,18459,-816603270#3,11.2,0.19999999999999984
18460,18461,-816603270#4,13.0,0.7999999999999998
18462,18463,-816603271,16.8,0.5
18464,18465,-816603272,3.4000000000000004,0.24999999999999997
18466,18467,-816603273#0,6.0,0.3529411764705882
18468,18469,-816603273#1,4.0,0.20467836257309938
18470,18471,-816603274#0,10.0,1.154121863799284
18472,18473,-816603274#1,2.0,0.5666666666666667
18474,18475,-816603274#2,30.0,6.454545454545453
18478,18479,-816623833#0,37.0,108.31660415956352
18480,18481,-816623833#1,16.0,2.786743581042869
18482,18483,-816623833#2,5.0,1.1500848320325756
18484,18485,-816623833#4,2.0,0.21664345403899726
18486,18487,-816623833#4.11,42.0,56.68841181902125
18488,18489,-816623834#1,22.0,4.01391961206689
18490,18491,-816734244,21.6,1.0
18494,18495,-816734246,24.0,0.0
18496,18497,-816734247#0,12.8,0.5
18500,18501,-816734247#2,20.8,0.5
18502,18503,-816734247#3,205.00000000000006,14642.000000000002
18506,18507,-816734249#0,3.4000000000000004,8.11111111111111
18508,18509,-816734249#1,6.2,8.0
18512,18513,-816734249#3,4.0,0.0
18516,18517,-816734581,37.0,0.0
18518,18519,-816734582,18.0,5.333333333333332
18520,18521,-816734583,7.800000000000001,6.0
18522,18523,-816734584#0,6.800000000000011,14.102564102564104
18524,18525,-816734584#1,54.0,968.3999999999999
18526,18527,-816734584#2,3.0,0.0
18528,18529,-816736906,9.0,0.0
18530,18531,-816736907,8.0,0.0
18532,18533,-816736908,14.0,0.0
18534,18535,-816736909,9.6,1.0
18544,18545,-816736914#0,10.6,2.0
18546,18547,-816736914#1,1.0,0.0
18550,18551,-816736914#3,2.6,2.0
18560,18561,-816736915,30.0,0.0
18562,18563,-816736916,7.4,4.5
18566,18567,-816739559#0,12.4,4.5
18568,18569,-816739559#1,26.0,8.999999999999996
18570,18571,-816739560,9.8,0.5
18572,18573,-816739561,21.0,0.0
18574,18575,-816740257#1,10.6,1.0
18576,18577,-816740258,11.6,1.0
18578,18579,-816749704,3.8,0.5
18582,18583,-816749706#2,12.200000000000001,16.333333333333332
18584,18585,-816749706#3,3.0,0.33333333333333337
18586,18587,-816749706#4,1.0,0.0
18588,18589,-816749707,21.0,12.5
18592,18593,-816749709#0,2.0,0.0
18594,18595,-816749709#1,5.8,0.5
18600,18601,-816766057#0,4.0,0.33333333333333337
18602,18603,-816766057#1,19.0,0.0
18610,18611,-816766061#0,4.0,0.0
18612,18613,-816766061#1,10.4,0.9166666666666665
18614,18615,-816766062,24.6,2.0
18618,18619,-816766063#1,53.2,40.5
18622,18623,-816779850#0,3.6000000000000005,0.4107142857142856
18624,18625,-816779850#1,6.0,1.6190476190476188
18628,18629,-816779852#0,5.0,0.0
18632,18633,-816796147#0,3.0,0.39028944911297847
18634,18635,-816796147#1,8.0,1.5194444444444448
18638,18639,-816799873,18.6,2.333333333333335
18652,18653,-816799878,19.0,0.0
18656,18657,-816799880,17.0,0.0
18660,18661,-816803337#0,2.8,0.5
18662,18663,-816803337#1,10.6,2.0
18664,18665,-816803340#1,11.6,2.0
18666,18667,-816803340#2,11.4,0.9166666666666666
18668,18669,-816803340#3,29.2,8.0
18670,18671,-816806959,13.8,3.6666666666666656
18674,18675,-816806961,29.6,24.5
18680,18681,-816806964,17.4,4.5
18682,18683,-816806965,4.0,0.0
18684,18685,-816806966#0,6.0,0.8571428571428569
18686,18687,-816806966#1,15.0,2.4761904761904754
18692,18693,-816806968#0,6.4,1.076923076923077
18694,18695,-816806968#1,2.8,0.5
18696,18697,-816806969,11.0,4.166666666666668
18702,18703,-816813501,13.6,1.0
18706,18707,-816813502#1,2.0,0.0
18708,18709,-816813503,8.0,0.6666666666666665
18712,18713,-816813505,15.0,0.0
18716,18717,-816813507,5.2,1.333333333333333
18718,18719,-816813508#0,23.0,12.5
18720,18721,-816813508#1,8.2,8.0
18722,18723,-816816925,42.6,684.5
18724,18725,-816816926,16.2,8.0
18726,18727,-816816927,8.6,2.0
18728,18729,-816816928,8.0,0.0
18730,18731,-816816929#0,4.800000000000001,4.333333333333333
18732,18733,-816816929#1,3.0,0.0
18738,18739,-816816929#5,4.0,0.33333333333333337
18740,18741,-816816929#6,4.6000000000000005,2.3
18742,18743,-816816930#0,3.0,0.0
18744,18745,-816816930#1,2.8000000000000007,0.4761904761904762
18750,18751,-816818165,5.8,0.5
18752,18753,-816818166,8.0,0.0
18754,18755,-816839813#0,5.0,0.7499999999999999
18756,18757,-816839813#1,8.0,1.267857142857144
18758,18759,-816839813#2,2.0,0.2666666666666667
18760,18761,-816839813#3,6.0,0.6666666666666665
18762,18763,-816841507,15.0,0.0
18766,18767,-816855270#0,5.0,0.0
18768,18769,-816855270#1,2.0,0.0
18770,18771,-816855271#0,5.0,0.0
18772,18773,-816855271#1,4.0,0.0
18774,18775,-816855272#0,2.0,0.0
18778,18779,-816855274#0,6.0,0.0
18780,18781,-816855274#1,10.0,0.0
18782,18783,-816855275#0,2.0,0.3333333333333333
18792,18793,-816858724#1,2.0,0.0
18794,18795,-816858724#2,7.0,0.0
18800,18801,-816858727#0,1.8,0.5
18806,18807,-816858727#3,15.0,0.0
18808,18809,-816858728#0,3.200000000000001,0.8857142857142858
18810,18811,-816858728#1,3.0,0.9924242424242425
18812,18813,-816858728#2,4.0,0.26785714285714285
18814,18815,-816858728#3,9.4,3.944444444444444
18816,18817,-816858728#4,16.2,4.0
18818,18819,-816858729,4.200000000000001,1.714285714285714
18822,18823,-816858731,5.0,0.0
18824,18825,-816858732,6.0,0.0
18828,18829,-816868352#0,9.8,6.333333333333334
18832,18833,-816868354#0,12.0,0.26785714285714274
18834,18835,-816872143#0,11.0,3.6
18842,18843,-817081320,5.4,0.25
18846,18847,-817081322#1,14.200000000000001,52.33333333333333
18848,18849,-817081322#2,9.0,0.0
18850,18851,-817081323#0,14.600000000000003,40.85714285714287
18852,18853,-817081323#1,18.0,0.0
18854,18855,-817081323#2,23.4,4.5
18856,18857,-817081324#0,9.0,1.366666666666666
18858,18859,-817081324#1,2.4000000000000004,0.6666666666666666
18860,18861,-817081325,39.0,0.0
18862,18863,-817081326,9.0,2.9047619047619064
18864,18865,-817081328,10.4,2.2
18866,18867,-817081329,6.0,0.0
18868,18869,-817086040,8.6,2.0
18870,18871,-817086041,13.0,0.3
18872,18873,-817086042,15.600000000000001,6.916666666666665
18874,18875,-817086043,9.0,0.0
18876,18877,-817095973,85.60000000000002,2350.0
18878,18879,-817095974,3.6,0.33333333333333337
18880,18881,-817095975,5.6,2.0
18882,18883,-817095976,4.4,0.6666666666666666
18884,18885,-817095977#0,5.6,4.333333333333334
18886,18887,-817095977#1,4.800000000000001,4.333333333333333
18888,18889,-817095977#2,4.0,1.766666666666667
18890,18891,-817095977#3,12.600000000000001,3.6964285714285707
18892,18893,-817095977#4,8.0,1.8666666666666665
18894,18895,-817095978,34.0,12.5
18904,18905,-817095983,5.0,0.0
18922,18923,-817101515#0,8.6,1.0
18924,18925,-817101515#1,7.6,1.0
18928,18929,-817101517,29.0,0.0
18930,18931,-817105858#0,6.0,0.0
18934,18935,-817105859,18.4,4.5
18936,18937,-817105860,2.0,0.0
18938,18939,-817107237,11.8,0.5
18940,18941,-817107238,10.8,0.5
18942,18943,-817107239,5.0,31.766666666666662
18944,18945,-817107240#0,3.0,0.2678571428571429
18946,18947,-817107240#1,18.4,6.916666666666667
18948,18949,-817107240#2,11.2,3.8
18950,18951,-817107240#3,7.0,0.19999999999999996
18952,18953,-817107240#4,11.0,0.0
18954,18955,-817107241,3.0,0.0
18956,18957,-817107242,13.0,12.5
18960,18961,-817110755,7.0,0.0
18962,18963,-817118469,8.0,0.0
18964,18965,-817118471,8.8,2.2380952380952386
18968,18969,-817127201#0,5.0,0.0
18970,18971,-817127201#1,3.0,1.5535714285714286
18972,18973,-817127202#0,6.8,0.5
18974,18975,-817127202#1,9.8,0.5
18976,18977,-817127203#0,20.800000000000004,32.42857142857143
18978,18979,-817127203#1,3.0,1.1410256410256412
18986,18987,-817127207,6.0,0.0
18988,18989,-817128871,1.8000000000000007,1.0
18990,18991,-817128872#0,70.60000000000001,5074.1176470588225
18992,18993,-817128872#1,4.4,0.25000000000000006
18996,18997,-817134038,13.0,12.5
18998,18999,-817134039,5.800000000000001,4.333333333333333
19000,19001,-817134040,6.0,0.3
19002,19003,-817206446#1,4.0,1.4095238095238094
19004,19005,-817426971#0,1.0,0.0
19006,19007,-817426971#1,5.0,0.0
19010,19011,-817666072#0,18.0,4.13257575757576
19012,19013,-817666073,12.0,2.9908069458631257
19014,19015,-817666074,44.4,25.719298245614034
19016,19017,-817666076,53.0,23.18333333333333
19018,19019,-817666077,5.0,0.4484126984126984
19020,19021,-817666078#0,22.0,6.029411764705881
19022,19023,-817666078#1,8.0,0.7473684210526315
19024,19025,-817666078#2,10.0,1.1904761904761905
19026,19027,-817666078#3,22.0,13.47129186602871
19028,19029,-817666078#4,22.0,4.922806368011853
19030,19031,-817666078#5,9.0,0.81009009009009
19032,19033,-817666078#6,13.0,2.0110353781239874
19034,19035,-817666078#7,15.0,2.327777777777777
19038,19039,-818707465,3.0,0.7114427860696515
19040,19041,-819168463,4.0,0.0
19042,19043,-819333663,8.6,2.0
19044,19045,-819521343#0,28.0,8.556945863125636
19046,19047,-819521343#1,24.0,8.5625
19048,19049,-819521343#2,2.0,0.18131868131868129
19050,19051,-819521343#3,2.0,0.4469696969696969
19052,19053,-819521344#0,47.0,26.619047619047617
19054,19055,-819521344#1,12.0,24.266666666666666
19056,19057,-819943655,7.0,1.782961124896607
19058,19059,-819943656#0,4.0,0.33333333333333326
19062,19063,-819943656#2,45.0,30.333333333333343
19064,19065,-819943656#3,1.6,0.3333333333333333
19066,19067,-819943656#4,1.0,0.0
19068,19069,-819943656#5,2.0,0.3333333333333333
19070,19071,-819943656#6,1.6,0.3333333333333333
19072,19073,-819943656#7,15.4,4.5
19074,19075,-821484658,3.6,2.0
19076,19077,-821842905,2.0,0.0
19080,19081,-823650753#0,3.0,0.23809523809523817
19082,19083,-823880344#0,4.0,0.0
19084,19085,-823880344#1,2.8,0.5
19086,19087,-823880344#2,2.0,0.24761904761904768
19088,19089,-823880345,2.0,0.21428571428571425
19094,19095,-823880355#0,4.0,0.9962121212121213
19096,19097,-823880355#1,5.0,0.40316205533596833
19098,19099,-823880355#2,4.0,0.5934065934065933
19100,19101,-823880355#3,5.0,0.26785714285714274
19102,19103,-823880356#0,2.0,0.30000000000000004
19104,19105,-823880356#1,8.2,0.7999999999999999
19106,19107,-823880356#2,12.200000000000001,13.666666666666666
19108,19109,-823880357#0,10.2,2.333333333333334
19110,19111,-823880357#1,4.0,1.3571428571428572
19112,19113,-823880358,11.2,4.0
19114,19115,-823880359#0,5.0,0.44444444444444453
19116,19117,-823880359#1,1.6,0.33333333333333337
19118,19119,-823880360,9.0,4.054545454545456
19124,19125,-824791780#1,3.0,0.0
19126,19127,-824791780#2,16.0,0.0
19130,19131,-824791782,11.0,0.0
19132,19133,-825260741,8.4,4.5
19136,19137,-825260795#0,3.4000000000000004,0.24999999999999997
19138,19139,-825260795#1,1.4000000000000004,0.25
19140,19141,-825445496#0,5.0,0.45485742900907267
19142,19143,-825445496#1,4.0,1.0393586005830904
19144,19145,-825445496#1.19,2.0,0.23101508188994924
19146,19147,-825933196,4.800000000000001,1.3333333333333333
19148,19149,-82626964#0,64.0,0.0
19152,19153,-82626965,9.0,0.0
19154,19155,-82627284#0,17.8,4.333333333333335
19156,19157,-82627284#1,15.0,0.0
19158,19159,-82627284#2,17.8,0.5
19162,19163,-82628436#0,12.4,16.8
19166,19167,-82628963#0,3.2,0.19999999999999996
19168,19169,-82628963#1,6.4,1.6999999999999997
19170,19171,-82628963#2,3.0,0.0
19172,19173,-82628963#3,18.0,7.3
19174,19175,-82628963#4,2.0,0.30000000000000004
19176,19177,-826551069#0,4.0,0.3363987738238037
19178,19179,-826551069#1,4.0,0.3639877382380381
19180,19181,-826578283,1.0,0.9444444444444444
19182,19183,-826578284#0,26.4,4.5
19184,19185,-826578284#1,22.8,18.0
19186,19187,-826594746#0,2.6,2.0
19190,19191,-826596271,2.6000000000000005,1.357142857142857
19194,19195,-831295614,6.0,0.33333333333333326
19196,19197,-831295615,5.6,1.0
19198,19199,-831295616,13.800000000000004,2.593336858804865
19202,19203,-832481042#0,3.4000000000000004,4.5
19204,19205,-832481042#1,9.0,0.0
19206,19207,-832481043,3.0,0.0
19208,19209,-832481045#0,4.0,0.0
19210,19211,-832481045#1,6.2,1.2999999999999998
19212,19213,-832481048,19.0,4.55308964316797
19214,19215,-832481049,14.200000000000003,2.122689075630252
19216,19217,-832481056,28.6,2.0
19218,19219,-832481057,4.0,0.0
19220,19221,-83299769#0,6.0,0.0
19222,19223,-83299769#1,20.0,0.0
19224,19225,-83299775#0,6.0,1.0999999999999999
19228,19229,-83299777,9.8,0.5
19230,19231,-83299779#0,4.4,0.9166666666666666
19232,19233,-83299779#1,12.6,4.333333333333334
19234,19235,-83299780#0,9.0,0.0
19236,19237,-83299780#1,2.0,0.0
19240,19241,-83299783#0,6.0,0.0
19244,19245,-83299784,6.0,0.0
19248,19249,-83299788#1,3.0,0.0
19250,19251,-83299788#2,14.6,4.333333333333332
19252,19253,-83299788#3,4.0,0.2666666666666666
19254,19255,-83299790#0,6.0,1.333333333333333
19264,19265,-83304167,3.0,0.0
19266,19267,-83304169,13.0,0.0
19268,19269,-83304175#0,12.0,0.0
19270,19271,-83304175#1,6.8,0.5
19272,19273,-83304175#2,12.0,1.333333333333333
19274,19275,-83304180#0,2.2,0.5
19276,19277,-83304180#1,3.0,1.0
19278,19279,-83304180#2,18.0,2.8
19280,19281,-83304180#3,4.0,0.7
19284,19285,-834006805#1,18.80000000000001,125.30143989493934
19286,19287,-834006805#2,4.0,0.656817222456733
19288,19289,-83808285#1,6.4,1.5833333333333337
19290,19291,-83808285#2,30.0,20.916666666666668
19292,19293,-83808288,5.0,0.0
19294,19295,-83808292#0,1.8,0.5
19296,19297,-83808292#1,9.0,0.0
19298,19299,-85404276,7.0,0.8571428571428569
19302,19303,-87288526#1,8.0,0.0
19304,19305,-87288529,35.8,7.300000000000003
19306,19307,-885197072,12.0,14.494026498989449
19308,19309,-88888406,6.4,5.333333333333334
19310,19311,-88903261,9.0,1.0666666666666664
19312,19313,-88903294#1,5.600000000000001,7.476190476190477
19314,19315,-88903294#2,3.0,0.0
19320,19321,-88903294#5,2.0,0.25
19322,19323,-88903294#6,1.0,0.0
19324,19325,-88903294#7,2.0,0.33333333333333337
19326,19327,-88903294#8,3.0,0.0
19328,19329,-88903294#9,8.0,0.0
19330,19331,-88903299,6.0,0.75
19332,19333,-88903325,6.4,0.24999999999999992
19334,19335,-88903339#0,5.0,0.8095238095238096
19336,19337,-88903339#1,3.6,0.33333333333333337
19338,19339,-88903339#2,2.6,2.0
19340,19341,-88903339#3,3.0,0.0
19342,19343,-88903339#4,1.0,0.0
19344,19345,-90587320,11.0,1.1768335023197196
19346,19347,-91854588,8.8,0.5
19354,19355,-91854601#2,3.0,0.0
19356,19357,-91854601#3,2.0,0.0
19390,19391,-92026767,2.0,0.25
19394,19395,-92026768#1,27.0,0.0
19402,19403,-92026769#0,15.0,4.444444444444445
19404,19405,-92026769#1,14.8,4.6190476190476195
19406,19407,-92026769#11,6.0,0.8967391304347828
19408,19409,-92026769#12,16.0,3.9769230769230774
19410,19411,-92026769#2,7.2,1.3333333333333335
19412,19413,-92026769#3,19.0,6.285714285714285
19416,19417,-92026769#5,3.6,0.33333333333333326
19418,19419,-92026769#6,6.0,1.6
19420,19421,-92026769#7,6.0,1.1428571428571428
19422,19423,-92026769#8,5.4,1.0409356725146204
19424,19425,-92026769#9,5.0,0.5367965367965369
19426,19427,-93112169#0,4.0,0.0
19428,19429,-93112169#1,3.0,0.0
19436,19437,-93386922,7.0,0.0
19438,19439,-97304242#1,61.400000000000034,780.8182834537315
19440,19441,-97304242#10,2.0,0.10184598678852592
19442,19443,-97304242#11,4.0,0.3285524688565135
19444,19445,-97304242#12,1.0,0.6232765864741217
19446,19447,-97304242#13,8.0,1.792271485467892
19448,19449,-97304242#2,18.0,195.75580934403018
19450,19451,-97304242#3,5.0,0.4463709296838129
19452,19453,-97304242#4,8.0,1.3313306631063635
19454,19455,-97304242#6,15.0,2.8123809523809533
19456,19457,-97304242#8,6.0,0.8312728878269229
19458,19459,-97304242#9,6.0,0.47856160978035145
19460,19461,-978455265,10.0,53.561480186480175
19462,19463,-98323000#0,3.0,2.1754385964912277
19464,19465,-98323000#1,45.0,28.66666666666665
19466,19467,-98323000#2,50.6,37.7
19468,19469,-98323002#0,1.0,0.7792207792207793
19470,19471,-98323002#1,3.0,0.9547101449275361
19472,19473,-98323002#2,4.0,0.9852941176470589
19474,19475,-98323002#3,19.0,0.0
19476,19477,-98323012#0,3.0,0.5897435897435895
19478,19479,-98323012#1,43.4,84.5
19480,19481,-98323012#3,39.0,6.799999999999999
19482,19483,-98323012#4,27.0,0.0
19484,19485,-98323012#5,4.800000000000001,0.23809523809523803
19486,19487,-98323012#6,8.000000000000004,32.61904761904761
19488,19489,-98323022,51.6,56.94444444444444
19490,19491,-98323024#0,8.0,0.9258373205741625
19492,19493,-98323024#1,4.0,1.7975510204081635
19494,19495,-98323025#0,23.0,4.818974560713348
19496,19497,-98323025#1,3.0,0.257079365079365
19498,19499,-98323025#2,5.0,0.7044119485064365
19500,19501,-98323025#3,15.4,5.0
19514,19515,-98901079#0,16.8,0.5
19528,19529,-E0,6.4,0.9166666666666666
19530,19531,-E1,10.6,0.3333333333333335
19532,19533,-E10,3.0,0.09999999999999999
19534,19535,-E12,4.0,0.3159663865546219
19536,19537,-E13,5.0,1.4770671155059958
19538,19539,-E14,11.0,0.9549995005493955
19540,19541,-E15,5.0,0.20392886683209266
19542,19543,-E2,4.0,0.33333333333333326
19544,19545,-E3,13.6,0.33333333333333304
19548,19549,-E9,7.0,0.0
19550,19551,-gneE103,2.0,0.25
19552,19553,-gneE104,4.0,0.1666666666666667
19554,19555,-gneE112,15.0,4.188595764780939
19556,19557,-gneE113,3.0,11.45960113960114
19558,19559,-gneE131,2.0,0.3333333333333333
19560,19561,-gneE132,3.0,0.2884036019701386
19562,19563,-gneE136,18.4,0.2500000000000003
19564,19565,-gneE38,3.0,0.18999999999999997
19566,19567,-gneE39,11.0,27.595384615384614
19568,19569,-gneE4,12.0,1.5535714285714288
19570,19571,-gneE58,148.60000000000002,3121.751633986928
19572,19573,-gneE7,17.400000000000002,4410.4985754985755
19574,19575,-gneE9,23.400000000000002,97.86764705882354
19576,19577,100346,5.0,0.0
19578,19579,101009,7.0,0.0
19582,19583,101731827#0,2.0,0.3333333333333333
19584,19585,101731827#1,3.0,0.0
19588,19589,101731858,10.2,1.3000000000000003
19590,19591,102461801,27.0,0.0
19592,19593,102818928#0,5.0,0.3643994461751469
19594,19595,102818928#1,67.0,4030.466164762896
19596,19597,103053747,9.2,0.6999999999999997
19598,19599,103053774#1,3.0,0.39999999999999997
19600,19601,103053774#2,4.0,1.7142857142857146
19606,19607,103053774#5,3.0,0.0
19608,19609,103053774#6,1.0,0.0
19612,19613,103053803,13.0,1.466666666666667
19614,19615,103396186,3.0,8.666666666666666
19616,19617,103512657,11.6,2.0
19618,19619,103512667#0,8.0,0.8000000000000006
19620,19621,103512667#2,8.0,6.568181818181818
19622,19623,103512670#1,32.0,0.0
19624,19625,103512671,4.0,0.361528822055138
19628,19629,103671254,7.0,0.4
19630,19631,103671264,4.6,2.0
19632,19633,103671267#0,25.8,8.666666666666668
19634,19635,103671267#1,3.6,0.33333333333333337
19636,19637,103671267#10,3.0,0.1428571428571429
19638,19639,103671267#11,4.0,1.8095238095238093
19640,19641,103671267#12,4.0,0.3
19648,19649,103671267#3,4.0,0.33333333333333337
19650,19651,103671267#4,3.8,0.5
19652,19653,103671267#5,3.6,0.33333333333333337
19654,19655,103671267#6,4.0,0.33333333333333337
19656,19657,103671267#7,5.0,0.0
19658,19659,103671267#9,3.0,0.0
19660,19661,103678453,2.0,0.3333333333333333
19662,19663,103678458#0,1.0,0.0
19664,19665,103678458#1,2.6,1.0
19666,19667,103686129#1,78.4,84.5
19668,19669,103687101,2.2,0.8
19670,19671,103687353,23.2,7.11111111111111
19672,19673,103718186,3.0,0.274503722084367
19676,19677,104010381#0,27.400000000000006,173.6651701535422
19678,19679,104010385#0,28.0,156.2182429207764
19680,19681,104010393#0,24.0,234.6408028040522
19682,19683,104010439#0,62.0,725.752865190365
19684,19685,104010452#0,51.0,458.3154642875455
19686,19687,104010475#1,8.0,5.449838187702261
19688,19689,104012169#0,40.0,362.86020600482146
19690,19691,104012170,4.0,25.84298923452878
19692,19693,104012178#0,58.20000000000002,761.4280465949823
19694,19695,1040258009,6.0,0.6606974423468622
19696,19697,104106813#1,11.0,9.870760701809608
19698,19699,104236368#1,10.4,2.0277777777777777
19700,19701,104236369,4.600000000000001,0.1923076923076923
19702,19703,1042557946,3.0,0.221022246553526
19704,19705,1042557947,2.0,0.25034850348503485
19706,19707,10425609#0,4.0,1.016871416871417
19708,19709,10425609#0.33,50.0,451.6909090909091
19710,19711,10425610#1,22.0,12197.876058931859
19712,19713,10425611#1,6.0,0.5718875502008032
19714,19715,10427555#0,3.0,0.28440366972477055
19716,19717,10427555#1,4.0,0.40967319156132403
19718,19719,10427692#1,8.0,0.6381461675579325
19720,19721,10427692#2,2.0,0.48899208806329564
19722,19723,10427692#3,3.0,0.783625730994152
19724,19725,10427692#4,6.0,0.1875478927203064
19726,19727,10427692#5,7.0,0.25337742087860177
19728,19729,10427692#6,3.0,0.1942843646669815
19730,19731,10427692#7,5.0,1.9743504959848832
19734,19735,105141980#0,38.0,0.0
19736,19737,105141980#1,3.0,0.0
19742,19743,105540411,7.0,0.0
19744,19745,10597452#1,8.8,0.5
19746,19747,10597454#1,18.400000000000002,65.48029556650246
19748,19749,10597454#2,4.0,0.24876847290640391
19750,19751,10597455#0,1.0,0.33333333333333337
19752,19753,10597455#1,4.0,0.33333333333333326
19754,19755,106083635,5.0,0.0
19758,19759,107431496#0,5.0,0.34024390243902436
19760,19761,107431496#1,14.0,1.2403982930298718
19764,19765,107671228,28.4,62.62222222222223
19766,19767,107677354#1,6.0,1.7142857142857142
19768,19769,108210906,24.0,1.7666666666666657
19774,19775,108237964#2,1.0,0.0
19776,19777,108239224#0,10.0,0.8000000000000003
19778,19779,108239224#1,32.20000000000001,318.8095238095238
19780,19781,108239938,14.8,3.007352941176472
19782,19783,108240279#0,4.0,0.0
19784,19785,108240279#1,13.200000000000001,4.249999999999999
19786,19787,108240279#2,104.80000000000004,3982.1339869281046
19788,19789,1082935356#0,26.0,5.300000000000001
19790,19791,1082935356#1,18.4,9.499999999999991
19792,19793,1082935357#0,33.0,0.0
19794,19795,108310250,2.0,0.26666666666666666
19796,19797,108310251,2.0,0.26923076923076916
19798,19799,108310252,6.600000000000001,0.7435897435897435
19800,19801,108310253,2.0,0.2573529411764706
19802,19803,108310254,8.0,0.7777777777777777
19804,19805,108338065#3,15.4,2.3
19806,19807,108688795,3.0,0.0
19808,19809,10881202,48.0,0.45615605794085506
19812,19813,10941814,9.0,0.9943297013064447
19814,19815,10941820,5.0,7.099764220453875
19816,19817,10941825,11.0,1.2799999999999998
19818,19819,109483352#0,9.0,1.0623797543288442
19820,19821,109483355,7.6,1.0
19822,19823,11014139#1,10.0,0.9852025836758663
19824,19825,110212545,34.6,14.666666666666664
19826,19827,110435734,498.6,23544.5
19828,19829,110435735,13.0,36.06666666666667
19832,19833,110778890,6.0,10.854545454545454
19838,19839,111120105#0,20.0,0.0
19840,19841,111525329,7.0,0.616140381108287
19842,19843,111525330#0,35.0,5075.040933485122
19844,19845,111525330#1,6.400000000000034,1317.9539733373051
19854,19855,112979077,9.0,0.8412698412698416
19856,19857,112979081,23.0,10.333333333333336
19858,19859,112979094#0,5.0,0.6494623655913977
19860,19861,112979094#1,5.0,3.435384615384616
19862,19863,113796178#0,3.0,0.2666666666666666
19864,19865,113796178#1,6.2,1.333333333333333
19866,19867,113796181#1,3.0,0.8406593406593407
19868,19869,113796181#2,3.8,0.5
19870,19871,113796181#3,3.8,0.5
19872,19873,113796181#4,7.0,0.33333333333333326
19874,19875,113796181#5,11.0,0.3333333333333335
19876,19877,113796182,5.0,0.3333333333333335
19878,19879,113796184,4.0,0.33333333333333326
19882,19883,113796195,6.6,1.0
19886,19887,113796198,7.0,0.0
19888,19889,114198606#1,6.0,0.9666666666666666
19890,19891,114198607,3.0,0.33006535947712407
19892,19893,114198608#0,6.0,0.5882352941176471
19894,19895,114198608#1,6.0,0.6143790849673202
19896,19897,114198608#3,3.0,0.173202614379085
19898,19899,114325482,55.2,8.0
19900,19901,115082348,8.0,0.7819119937694695
19902,19903,115082374#0,4.0,3.0
19904,19905,115881035#0,11.4,2.2499999999999996
19908,19909,115881035#2,20.0,0.0
19910,19911,115881035#3,23.0,0.0
19912,19913,115881035#4,30.0,0.0
19914,19915,115881035#5,6.0,0.0
19916,19917,115881035#6,15.4,4.5
19924,19925,115881041#1,7.4,1.2
19926,19927,115881041#2,16.200000000000003,4.666666666666667
19928,19929,115881041#3,5.0,0.7
19930,19931,115881041#4,11.600000000000001,4.8
19934,19935,115881043#0,13.0,3.0
19936,19937,115881043#10,3.0,0.18181818181818193
19938,19939,115881043#11,15.8,4.265151515151514
19940,19941,115881043#2,4.0,0.0
19942,19943,115881043#4,4.0,0.0
19944,19945,115881043#5,6.0,0.0
19946,19947,115881043#7,4.0,1.5
19948,19949,115881043#8,3.0,0.4
19950,19951,115881043#9,8.0,1.618181818181818
19962,19963,115881049#1,1.0,0.0
19964,19965,115881049#2,16.0,0.0
19966,19967,115881050,16.0,0.0
19968,19969,116297381,55.0,16.14285714285714
19970,19971,116687469#0,24.0,173.7126503340757
19972,19973,116765451#1,12.0,12.949458543623305
19974,19975,116765451#2,1.0,3.1317120720660148
19976,19977,116765457#1,16.0,143.70654340972982
19980,19981,117560677,12.4,9.333333333333332
19984,19985,118004624#1,40.0,0.0
19986,19987,118004640#1,4.0,2.399999999999999
19988,19989,118004640#1.25,6.0,0.4952380952380954
19990,19991,118004640#2,2.0,0.2692307692307692
19992,19993,118004640#4,3.0,0.2424242424242424
19994,19995,118004640#5,3.0,0.0
19996,19997,118004642,12.0,0.0
20002,20003,118604348#1,3.0,0.34558823529411753
20004,20005,118604350,6.0,0.0
20006,20007,118604351#0,3.0,0.25
20008,20009,118604351#1,8.6,0.33333333333333304
20010,20011,118604351#2,13.8,1.9999999999999998
20012,20013,118604351#3,2.0,0.2
20014,20015,118604351#4,20.8,3.0
20018,20019,118604353,5.0,0.0
20024,20025,118604356,5.0,0.0
20026,20027,118604357,2.0,0.0
20030,20031,118604359,5.2,0.7999999999999999
20032,20033,118604360,5.0,0.0
20034,20035,118604361,31.6,2.0
20036,20037,118604365,5.0,0.0
20038,20039,118604366,2.0,0.0
20040,20041,118604367,6.0,3.5833333333333335
20044,20045,118607469#0,15.0,1.3088235294117643
20046,20047,118607469#1,24.0,4.1958333333333355
20048,20049,118607469#2,35.0,8.866666666666669
20050,20051,118607469#3,16.6,1.5897435897435896
20052,20053,118607469#4,12.0,0.0
20054,20055,118607471,6.6,0.33333333333333326
20056,20057,118607473,8.0,0.0
20058,20059,118607475#1,63.0,13.0
20060,20061,118607475#2,25.8,3.0
20062,20063,118607478,4.0,0.0
20066,20067,118607482,18.0,0.0
20070,20071,118607485,18.2,8.0
20072,20073,118607487#0,2.0,0.20270270270270277
20074,20075,118607487#1,12.0,1.6218487394957974
20076,20077,118607487#10,2.0,0.2590579710144927
20078,20079,118607487#11,2.0,0.26877470355731226
20080,20081,118607487#12,1.8000000000000007,0.18398268398268403
20082,20083,118607487#13,2.0,0.12857142857142856
20084,20085,118607487#14,2.0,0.2571428571428572
20086,20087,118607487#15,2.0,0.2573099415204679
20088,20089,118607487#2,2.0,0.24331550802139038
20090,20091,118607487#3,1.0,0.22905525846702313
20092,20093,118607487#4,1.0,0.06060606060606061
20094,20095,118607487#5,2.0,0.30392156862745096
20096,20097,118607487#6,2.0,0.30645161290322576
20098,20099,118607487#7,2.0,0.2507122507122507
20100,20101,118607487#8,2.0,0.32763532763532766
20102,20103,118607487#9,2.0,0.1956521739130435
20104,20105,118607492,28.6,2.0
20106,20107,118607497#0,3.0,0.24999999999999994
20108,20109,118607497#1,7.8,0.5
20110,20111,118607504#4,98.2,41.33333333333334
20112,20113,118607504#5,29.4,5.200000000000001
20114,20115,118607504#6,29.8,6.333333333333333
20116,20117,118607504#7,2.8000000000000003,3.0
20120,20121,118619443#2,55.4,16.0
20122,20123,118619445#0,1.0,0.0
20124,20125,118619445#1,6.4,1.5
20128,20129,118619465#0,1.8000000000000007,0.6287878787878788
20130,20131,118619465#1,8.0,0.29999999999999993
20132,20133,118619467,6.0,0.33333333333333326
20138,20139,11940927#0,7.0,2.372844599598009
20140,20141,11940927#1,3.0,0.25778038755137994
20142,20143,11940927#2,7.0,0.5743981209630064
20144,20145,11940927#3,2.0,0.4648267762771577
20146,20147,11940927#4,6.0,0.7888513513513514
20150,20151,119621360#0,1.0,1.1118279569892473
20152,20153,119621360#1,230.0,366.00153846153836
20154,20155,11962949#0,2.0,0.07593316743690016
20156,20157,11962949#1,2.0,0.027159616068254542
20166,20167,120033060#0,24.0,0.0
20170,20171,120033065,13.0,1.333333333333334
20172,20173,120033067,18.0,8.0
20174,20175,120033068#0,22.0,2.2333333333333343
20176,20177,120033068#1,5.0,152.57692307692307
20178,20179,120033074#0,32.6,2.0
20180,20181,120033074#1,3.0,0.0
20182,20183,120033074#2,13.0,1.9999999999999998
20184,20185,120033077,26.4,32.0
20190,20191,120033097,4.0,0.33333333333333337
20192,20193,120033098#0,1.0,0.0
20194,20195,120033098#3,7.2,2.3000000000000003
20196,20197,120033098#4,26.0,0.0
20198,20199,120033098#5,13.200000000000001,1.5523809523809522
20200,20201,120033098#6,4.0,0.6666666666666666
20202,20203,120033098#7,1.0,0.16249999999999998
20204,20205,120033099,32.0,50.16666666666664
20206,20207,120033100#0,33.6,12.844444444444445
20208,20209,120033100#1,1.8000000000000007,1.2777777777777777
20210,20211,120033103,20.8,0.5
20212,20213,120033104#0,7.0,0.42307692307692274
20214,20215,120033104#1,4.0,1.3666666666666667
20216,20217,120033104#2,29.6,24.5
20218,20219,120125554,7.8,0.5
20220,20221,120365432,11.8,0.5
20226,20227,120416766#0,7.0,0.8571428571428569
20228,20229,120416766#1,18.0,8.93179765130985
20230,20231,120416786,23.0,5.817732115677322
20232,20233,120416814#0,19.6,1.0714285714285716
20236,20237,121110648#1,12.4,2.25
20240,20241,121460649#0,2.0,0.0
20250,20251,124194339#0,11.0,0.33333333333333304
20254,20255,124812856#0,4.0,43.56884750390013
20256,20257,124812856#0.30,28.0,193.69493104460105
20258,20259,124812857#0,8.0,1.038447484734139
20260,20261,124812857#0.120,16.400000000000034,57.31895637020326
20262,20263,125002584,8.0,0.7459390096618362
20264,20265,125002601,2.0,0.2404975572571986
20266,20267,125002604#0,2.0,0.25691699604743085
20268,20269,125002604#1,5.0,0.30253623188405787
20270,20271,125002607,76.0,0.0
20274,20275,125002614#0,2.0,5.790909090909092
20276,20277,125002614#1,6.0,19.342532467532468
20278,20279,125002615,6.600000000000001,13.442687747035574
20302,20303,125496624,18.0,0.0
20310,20311,126446061,7.0,1.2269503546099292
20312,20313,126446062#0,7.0,0.6862987127490748
20314,20315,126446062#1,2.0,0.24559228650137757
20316,20317,126446062#2,1.0,0.1602299712535932
20318,20319,126446063,12.0,26.415816326530614
20320,20321,126446076,45.0,5.199999999999999
20322,20323,126446078,63.8,18.0
20324,20325,126446083,167.0,351.9455377574371
20326,20327,126446095,28.0,5.822222222222223
20328,20329,126446099,24.0,4.962499999999998
20330,20331,126446100,26.0,1.7666666666666664
20332,20333,126446102,17.400000000000002,8.619047619047619
20334,20335,126446106,43.400000000000006,16.99242424242425
20336,20337,126446109,25.8,0.5
20338,20339,126446111#0,7.0,0.0
20340,20341,126446115,22.0,12.099999999999996
20342,20343,126446127#0,27.0,12.304895104895104
20344,20345,126446127#1,27.0,8.44638694638695
20346,20347,126446127#2,7.0,1.7064040328603434
20350,20351,126446130#1,12.0,2.0999999999999996
20352,20353,126446130#2,121.4,251.2087912087912
20354,20355,126446134,51.2,30.199358974358965
20356,20357,126446135,115.8,54.25
20358,20359,126909938,8.0,0.7814445314754499
20370,20371,126954029#1,6.0,0.0
20390,20391,127076886,2.0,0.0
20392,20393,127076894#2,4.0,0.43223443223443225
20402,20403,127076902#0,177.4,395.12222222222215
20404,20405,127076902#1,114.60000000000001,159.1222222222222
20406,20407,127076903,48.6,23.3
20408,20409,127076905#0,61.0,49.839285714285715
20410,20411,127076905#1,21.0,5.487179487179487
20412,20413,127076905#2,2.0,0.3276353276353276
20416,20417,127076908#1,29.2,19.0
20418,20419,127076909,39.0,13.894736842105264
20420,20421,128070665#0,24.0,101.34799018682772
20422,20423,128070666#0,39.0,970.4030424495105
20424,20425,128070667#0,8.0,141.32542126066156
20426,20427,128070690,1.0,85.67017081875191
20428,20429,128070691#1,10.0,14.280553520553509
20430,20431,128070691#2,3.0,0.5617278124146153
20432,20433,128070698#0,3.0,0.7339935064935068
20436,20437,128361089,4.0,7.76923076923077
20438,20439,128361091,7.0,0.6147840225331002
20440,20441,128361093#1,5.0,4.097810084652189
20442,20443,128361094#0,2.0,0.23461091753774685
20444,20445,128361096,5.0,17.136415722851417
20446,20447,128361098,3.0,0.5385215246279941
20448,20449,128361099,8.0,64.98535582064991
20450,20451,128361102#0,18.0,3.1623710188948966
20452,20453,128361102#1,7.0,0.6344139287535514
20454,20455,128361106,7.0,24.542639528929843
20456,20457,128361107#0,3.0,0.6774816385250246
20458,20459,128361107#1,4.0,2.530325368581594
20460,20461,128361107#2,3.0,2.664794102694458
20462,20463,128361109#0,4.0,0.3101019791777708
20464,20465,128361109#1,12.0,1.4822635618949425
20466,20467,128361109#2,43.0,171.3644245460683
20468,20469,128361114#0,4.0,0.6428571428571428
20470,20471,128361114#1,4.0,0.3142857142857142
20472,20473,128361114#2,4.0,0.39999999999999986
20474,20475,128361114#3,4.0,0.358974358974359
20476,20477,128361114#4,4.0,0.2909090909090909
20478,20479,128361114#5,5.0,0.7999999999999998
20480,20481,128361114#6,4.2,0.5
20482,20483,128361114#7,4.0,0.3
20484,20485,128361114#8,15.0,0.0
20486,20487,128361115#0,1.0,0.0
20488,20489,128361115#1,3.8,0.5
20490,20491,128361115#2,3.8,0.5
20492,20493,128361115#3,4.2,1.3333333333333333
20494,20495,128361115#4,3.4000000000000004,2.25
20496,20497,128361115#5,3.8000000000000007,1.3333333333333333
20498,20499,128361115#6,4.0,0.0
20500,20501,128361115#7,4.0,0.0
20502,20503,128361115#8,4.6,2.0
20514,20515,128361117#5,3.0,0.0
20520,20521,128361117#8,4.0,0.0
20524,20525,128361121#0,9.8,0.5
20532,20533,128361123#1,8.0,0.0
20534,20535,128361123#10,4.0,0.5
20536,20537,128361123#11,13.0,4.363636363636363
20538,20539,128361123#2,10.4,4.5
20540,20541,128361123#3,4.0,0.0
20542,20543,128361123#4,3.0,0.0
20544,20545,128361123#5,3.0,0.0
20546,20547,128361123#6,3.6,0.33333333333333337
20548,20549,128361123#7,3.0,0.9666666666666666
20550,20551,128361123#8,4.0,0.5714285714285714
20552,20553,128361123#9,4.0,0.5277777777777777
20554,20555,128361125,1.0,0.0
20556,20557,128361127,11.0,2.171428571428572
20558,20559,128361128,3.8,0.5
20562,20563,128361133,4.0,0.0
20564,20565,128361135,4.0,0.0
20566,20567,128361136,2.0,0.0
20570,20571,128361139#0,12.0,0.0
20572,20573,128361139#1,9.4,0.666666666666667
20574,20575,128361140#0,10.0,0.0
20578,20579,128361142#0,9.2,0.7000000000000004
20580,20581,128361142#1,9.8,0.5
20592,20593,128361146#1,8.0,0.0
20594,20595,128361148#0,7.0,0.0
20608,20609,128361152#1,14.200000000000001,31.583333333333332
20610,20611,128361153#0,5.0,0.0
20618,20619,128361157#0,10.0,0.0
20620,20621,128361157#1,9.0,0.0
20630,20631,128361161#0,8.8,0.5
20632,20633,128361161#1,7.0,0.0
20634,20635,128361162#1,10.0,0.0
20640,20641,128361165#0,6.8,0.5
20646,20647,128361170#1,2.0,0.23333333333333334
20648,20649,128361171#1,28.2,2.3000000000000003
20650,20651,128361171#2,16.6,1.0
20652,20653,128361171#3,41.4,4.5
20654,20655,128668758#0,15.0,4.5139655938551355
20656,20657,128668758#1,11.0,0.9986772486772485
20658,20659,128668758#3,13.0,1.461538461538461
20660,20661,128668759#1,9.6,1.0
20662,20663,128668759#2,6.2,1.333333333333333
20664,20665,128906555,6.0,0.5738347747818259
20666,20667,129130803#0,12.0,1.3333333333333333
20668,20669,129130803#1,6.0,0.0
20670,20671,129130803#2,7.4,0.9166666666666666
20672,20673,129130803#3,2.0,0.3333333333333333
20674,20675,129130803#4,9.0,0.9166666666666666
20676,20677,129130803#5,2.0,0.0
20678,20679,129130803#6,7.0,0.3333333333333333
20680,20681,129130803#7,2.4000000000000004,0.1944444444444444
20682,20683,129130805#0,34.0,0.0
20684,20685,129130805#1,20.0,1.333333333333334
20686,20687,129130810#0,21.8,6.904761904761902
20688,20689,129130810#1,3.8000000000000007,0.23809523809523805
20690,20691,129130810#2,31.6,14.142857142857146
20692,20693,129130810#3,6.0,2.2666666666666666
20694,20695,129130810#4,2.0,0.0
20696,20697,129130810#5,4.6,0.3333333333333335
20698,20699,129130810#6,3.0,0.33333333333333337
20700,20701,129130810#60,8.0,0.3333333333333333
20702,20703,129130810#7,4.4,0.25
20704,20705,129130810#8,10.8,1.9999999999999993
20706,20707,129323704#0,45.6,10.333333333333337
20708,20709,129323704#1,4.0,3.4666666666666663
20710,20711,129323704#2,6.0,0.16666666666666666
20712,20713,129323704#3,38.4,24.24999999999999
20714,20715,129323704#4,3.0,0.611111111111111
20716,20717,129323706#0,2.0,0.0
20718,20719,129323706#1,1.0,0.0
20720,20721,129323706#2,22.0,0.0
20722,20723,129323706#3,2.0,0.0
20724,20725,129323706#4,3.0,0.6666666666666667
20726,20727,129323706#5,4.0,0.0
20728,20729,129323706#6,1.0,0.0
20736,20737,129323707#3,4.0,0.0
20738,20739,129323707#4,4.0,0.0
20742,20743,129323710,18.0,2.25
20744,20745,129323711,12.6,2.0
20748,20749,129323715,13.0,0.0
20750,20751,129323718,16.8,0.5
20756,20757,129323721,11.0,0.0
20760,20761,129323723,20.4,4.5
20762,20763,129323724,24.4,32.0
20764,20765,129323726,16.0,0.0
20768,20769,129323730,12.0,0.0
20770,20771,129323739#0,17.4,4.5
20772,20773,129323739#1,4.0,0.23333333333333328
20774,20775,129323739#2,12.0,1.4666666666666663
20782,20783,129323741#3,3.0,0.16666666666666669
20784,20785,129323741#4,10.8,0.5
20786,20787,129323742#0,28.2,16.333333333333332
20788,20789,129323742#1,3.8,0.5
20792,20793,129323743#0,1.8,0.5
20794,20795,129323743#1,2.0,0.0
20796,20797,129323743#2,2.0,0.0
20798,20799,129323743#3,3.0,1.0
20800,20801,129323743#4,4.0,0.0
20802,20803,129323743#5,2.8,0.5
20804,20805,129323744#1,6.2,0.2
20806,20807,129323744#2,14.0,0.0
20808,20809,129323745#0,1.4000000000000004,0.25
20810,20811,129323745#1,3.0,0.0
20812,20813,129323745#2,4.0,1.75
20814,20815,129323745#3,2.0,0.3333333333333333
20820,20821,129323746#0,4.0,0.0
20822,20823,129323746#1,3.0,0.5666666666666667
20824,20825,129323746#2,4.0,0.6190476190476192
20826,20827,129323746#3,4.0,0.5343551797040169
20828,20829,129323746#4,4.0,2.387596899224806
20830,20831,129323746#5,7.0,319.7512077294686
20832,20833,129379920#1,5.0,0.5367925465344963
20834,20835,129379922,4.0,0.49898694056049236
20836,20837,129379925,7.0,2.836668145519079
20838,20839,129379925.20,4.0,0.3520603502543833
20840,20841,129379930#0,4.0,3.5171957671957665
20844,20845,129379930#11,5.600000000000001,40.00000000000001
20846,20847,129379930#2,3.8000000000000007,0.3602941176470587
20848,20849,129379930#4,4.2,0.19999999999999996
20850,20851,129379930#5,25.0,8.33333333333333
20854,20855,129379930#8,2.0,0.0
20856,20857,129379930#9,1.0,0.0
20858,20859,129379931,15.0,1.333333333333333
20860,20861,129379932,20.2,8.0
20862,20863,129379933,19.4,9.33333333333333
20866,20867,129379938,20.4,7.28888888888889
20868,20869,129379939,19.0,12.5
20870,20871,129379940,16.0,0.7857142857142859
20872,20873,129379941,18.0,0.0
20874,20875,129379942,19.0,0.0
20876,20877,129379943,22.2,26.33333333333333
20878,20879,129379944,18.4,4.5
20880,20881,129379945,17.6,2.0
20882,20883,129379946,9.0,0.33333333333333304
20884,20885,129379947,17.2,8.0
20888,20889,129379950#1,2.0,0.0
20890,20891,129379951#0,3.8,0.5
20892,20893,129379951#1,6.8,0.5
20894,20895,129379952#1,4.0,5.467995062599191
20896,20897,129379952#10,3.0,0.2580645161290323
20898,20899,129379952#11,4.0,0.43225806451612914
20900,20901,129379952#12,4.0,0.4102564102564102
20902,20903,129379952#13,4.600000000000001,0.5751633986928107
20904,20905,129379952#14,5.0,1.0233918128654975
20906,20907,129379952#15,4.0,0.39999999999999986
20908,20909,129379952#16,4.0,0.42307692307692285
20910,20911,129379952#17,4.0,1.0545454545454547
20912,20913,129379952#18,4.0,1.8333333333333333
20914,20915,129379952#19,4.0,1.9999999999999998
20916,20917,129379952#2,4.0,1.0152301834544826
20918,20919,129379952#20,20.0,0.0
20920,20921,129379952#21,3.6,2.333333333333333
20922,20923,129379952#22,3.0,0.7958333333333332
20924,20925,129379952#23,4.0,0.4269005847953218
20926,20927,129379952#24,4.0,0.5933333333333333
20928,20929,129379952#25,4.0,0.7179487179487176
20930,20931,129379952#26,4.0,0.4964349376114081
20932,20933,129379952#27,4.0,0.5583333333333332
20934,20935,129379952#28,3.8000000000000043,0.2717770034843205
20936,20937,129379952#29,4.0,0.42303433001107393
20938,20939,129379952#3,4.0,1.655625356938892
20940,20941,129379952#30,3.0,0.37342995169082127
20942,20943,129379952#4,4.0,0.5167102315160567
20944,20945,129379952#5,3.0,0.18556701030927836
20946,20947,129379952#6,3.0,0.1886048733874821
20948,20949,129379952#7,4.0,0.5313429421185085
20950,20951,129379952#8,3.0,0.47482517482517467
20952,20953,129379952#9,6.0,0.6774628879892037
20954,20955,129379953#0,1.4000000000000004,0.25
20956,20957,129379953#1,9.0,1.0
20958,20959,129379956,5.0,0.0
20962,20963,129379958#1,1.2000000000000002,0.2
20964,20965,129379958#2,3.0,13.352380952380955
20966,20967,129379958#3,1.0,0.2352941176470588
20970,20971,129379962#1,6.0,0.0
20972,20973,129379962#2,11.8,2.3333333333333335
20974,20975,129379962#3,4.4,0.6666666666666666
20976,20977,129379962#4,5.0,0.9166666666666666
20980,20981,129379967,40.0,1253.7733518604293
20982,20983,129379968#1,10.0,2.2046783625730995
20984,20985,129778904#0,12.8,4.333333333333332
20986,20987,129778904#1,5.4,0.24999999999999992
20988,20989,129778904#2,4.6,0.3333333333333335
20990,20991,129778904#3,18.6,2.0
20992,20993,129778925,8.0,0.0
20994,20995,129994349,26.0,3.5111111111111137
20998,20999,130185484#0,49.0,18.799999999999994
21000,21001,130185484#1,7.4,0.6666666666666666
21002,21003,130185484#2,6.8,0.5
21004,21005,130185486#0,9.0,0.0
21006,21007,130185486#1,12.0,0.0
21008,21009,130185486#2,11.0,0.33333333333333304
21010,21011,130185488#1,5.0,0.7359050866723492
21012,21013,130185488#1.32,5.0,0.4294022923178933
21014,21015,130185488#2,4.0,0.30899715538811345
21016,21017,130185488#3,7.0,0.8767734788113501
21018,21019,130185488#4,6.0,1.0942540047017664
21020,21021,130185490#1,9.4,7.0
21024,21025,130185490#3,95.60000000000001,567.0
21026,21027,130185490#4,102.60000000000001,5569.333333333334
21028,21029,130185494,18.0,0.3333333333333339
21030,21031,130185495,17.6,2.333333333333332
21032,21033,130996520,76.80000000000001,1219.696070878274
21034,21035,130996521#1,48.8,27.824175824175818
21036,21037,130996521#2,92.8,83.33333333333336
21038,21039,130996521#3,59.800000000000004,74.91666666666667
21044,21045,131118448#0,2.0,0.2692307692307692
21046,21047,131118448#1,5.0,0.3222222222222225
21048,21049,131118449,4.0,0.8611111111111113
21050,21051,131118453,27.0,12.000000000000004
21052,21053,131118454,4.0,0.6911764705882351
21054,21055,131118455,2.0,0.5714285714285714
21056,21057,131118459#0,14.0,3.583333333333334
21060,21061,131118460#0,13.2,8.0
21062,21063,131118460#1,8.4,3.3333333333333335
21064,21065,131118462#0,1.0,0.0
21066,21067,131118462#1,4.4,0.24999999999999992
21068,21069,131118462#2,3.0,0.0
21070,21071,131118463#0,534.0,97585.64705882352
21072,21073,131118464#0,1.8000000000000007,0.23809523809523814
21074,21075,131118464#1,2.0,0.30000000000000004
21076,21077,131118464#2,2.0,0.3333333333333333
21078,21079,131118466.32,4.0,0.2638655462184874
21080,21081,131118467,9.0,0.5763157894736842
21082,21083,131118468#0,3.0,14.533868066041734
21084,21085,131118468#0.32,4.0,108.04682554354824
21086,21087,131634116#0,4.0,1.4107142857142858
21088,21089,131634116#1,3.6,0.33333333333333337
21090,21091,131634116#2,17.0,0.0
21092,21093,131634117#1,7.0,2.318548387096774
21094,21095,131634117#2,2.6000000000000014,0.43386243386243384
21096,21097,131634117#3,6.0,1.3333333333333335
21098,21099,131634117#5,8.4,4.5
21100,21101,131634130#0,4.0,0.2727272727272726
21102,21103,131634130#1,5.6,2.0
21104,21105,131634131,6.0,0.0
21106,21107,131634134#1,4.0,0.4570035460992908
21108,21109,131634136,8.0,2.143790849673203
21110,21111,131634138#1,8.8,1.611111111111111
21112,21113,131634138#2,3.0,0.19999999999999996
21114,21115,131634140#0,5.0,0.606060606060606
21116,21117,131634140#1,7.0,0.6666666666666664
21118,21119,131634140#2,6.2,0.5
21120,21121,131634142,7.0,0.0
21122,21123,131634144#1,6.0,0.8909090909090907
21124,21125,131634144#2,5.2,0.7000000000000001
21126,21127,131634145#0,6.4,4.5
21128,21129,131634145#1,5.6,2.0
21130,21131,131634145#2,4.6,2.0
21132,21133,131634145#3,2.0,0.25
21134,21135,131634145#4,6.0,3.5
21136,21137,131700647#0,4.0,0.0
21138,21139,131700647#1,2.0,0.0
21142,21143,131700651#1,27.8,3.0
21144,21145,131700652#0,7.0,0.0
21146,21147,131700652#1,13.0,0.0
21148,21149,131700653#0,7.0,1.1249999999999998
21150,21151,131700654#0,4.0,0.9166666666666666
21152,21153,131700654#1,21.4,6.916666666666667
21156,21157,131722023,15.0,0.0
21158,21159,131722024,15.8,2.6666666666666665
21160,21161,133765794#1,4.0,5.868277310924371
21162,21163,135583699,14.600000000000001,1.9999999999999993
21166,21167,136435842,25.0,2.6605263157894736
21170,21171,136436468#1,6.0,54.251231527093594
21172,21173,136436468#2,34.2,269.10919540229895
21174,21175,136436469,10.0,0.7573529411764713
21176,21177,136436470,10.0,2.0
21180,21181,136436473,6.0,0.8791208791208796
21182,21183,136436475#0,6.0,1.0666666666666667
21184,21185,136436476#1,3.0,2.937895437895438
21186,21187,136436476#10,7.0,1.2909090909090908
21188,21189,136436476#11,8.6,0.33333333333333304
21190,21191,136436476#2,3.0,0.5241820768136558
21192,21193,136436476#3,10.0,1.9238095238095236
21194,21195,136436476#4,7.6000000000000005,1.7142857142857142
21198,21199,136436476#6,7.0,0.0
21200,21201,136436476#7,4.0,0.33333333333333337
21202,21203,136436476#9,6.0,0.5714285714285714
21204,21205,136437407#0,4.0,0.0
21206,21207,136437407#1,1.0,0.0
21208,21209,136437407#2,13.0,0.0
21210,21211,136437411,23.0,0.0
21212,21213,136516892#0,55.0,62.121370499419285
21214,21215,136516892#1,7.0,1.0435540069686415
21216,21217,136516892#2,4.0,1.17379679144385
21218,21219,136516892#3,6.0,0.5389610389610393
21220,21221,136516892#4,14.0,1.9066666666666665
21222,21223,136516892#5,41.4,12.578947368421053
21224,21225,136517436#0,23.8,6.333333333333331
21226,21227,136517436#1,4.4,0.24999999999999992
21228,21229,136517436#2,9.8,0.5
21230,21231,136517436#3,1.0,0.0
21232,21233,136517436#4,19.0,12.5
21234,21235,136517439,5.0,0.6695121951219513
21236,21237,136517440,45.400000000000006,134.60606060606062
21238,21239,136517442#0,5.0,0.7
21240,21241,136517442#1,12.0,0.0
21242,21243,136618613#0,54.80000000000001,755.2747668997671
21246,21247,136618617#0,7.0,0.8361018826135106
21248,21249,136618617#1,3.0,0.4588344125809434
21250,21251,136618617#2,15.0,2.7564102564102577
21252,21253,136618617#3,10.0,0.2678571428571429
21254,21255,136618617#4,6.0,0.3569892473118282
21256,21257,136618618,50.2,17.33333333333334
21258,21259,136728344#0,24.200000000000045,7.693640188072257
21260,21261,136728344#3,14.0,1.0662642364570507
21262,21263,136728344#4,7.0,1.2860380159799958
21264,21265,136728344#4.72,8.0,38.467898497166786
21266,21267,136728347#0,6.0,0.5795065220807802
21268,21269,136728347#1,6.0,0.5321389281785318
21270,21271,136728347#2,5.0,0.4466053748231969
21272,21273,136728347#3,1.0,0.19532453245324505
21274,21275,136728347#4,2.0,0.19788621719314783
21288,21289,136728351#0,23.0,21.29090909090909
21290,21291,136728351#1,43.2,70.05555555555556
21292,21293,136728351#2,519.6,37279.7
21300,21301,136728366#0,158.40000000000003,5233.345454545453
21302,21303,136728366#1,7.0,0.6666666666666669
21330,21331,136888519#0,11.0,0.25175983436853006
21332,21333,136888519#1,3.0,0.25175983436852994
21334,21335,136900855,2.2,1.3333333333333335
21336,21337,137031654#0,5.0,2.5897435897435894
21338,21339,137031654#1,7.0,0.7000000000000001
21340,21341,137132992#0,2.0,0.0
21342,21343,137132992#1,4.0,0.5666666666666667
21344,21345,137132992#2,3.0,0.26785714285714285
21346,21347,137132992#3,2.0,0.21428571428571427
21348,21349,137132993#0,1.0,0.07142857142857142
21350,21351,137132993#1,1.0,0.08333333333333333
21352,21353,137132994#0,1.0,0.0
21354,21355,137132994#1,2.0,0.2857142857142857
21356,21357,137132994#2,1.0,0.0
21358,21359,137132996,2.0,0.26666666666666666
21360,21361,137132997,1.0,0.21428571428571427
21362,21363,137132998,1.0,0.2
21364,21365,137133006#0,7.0,2.959319611206404
21366,21367,137133006#0.121,69.0,605.8407679277242
21370,21371,137133010#1,7.2,1.3333333333333335
21372,21373,137133010#2,5.6000000000000005,4.285714285714286
21374,21375,137246371#1,4.0,4.26900914241566
21376,21377,137246371#2,2.0,57.61873861740713
21378,21379,137246375,1.0,0.23076923076923078
21382,21383,137247858,11.0,0.0
21384,21385,137247859#0,20.2,2.333333333333335
21386,21387,137247859#1,8.0,1.0
21396,21397,137435070,33.400000000000006,16.999999999999996
21398,21399,137435076,8.0,0.0
21400,21401,137435081,3.8000000000000007,2.142857142857143
21402,21403,137435083,6.8,0.5
21408,21409,137435089,14.6,4.333333333333334
21410,21411,137435091,16.0,0.0
21412,21413,137435095,22.4,5.333333333333332
21414,21415,137435100#0,2.8000000000000007,0.9047619047619048
21416,21417,137435100#1,4.0,0.5073529411764705
21418,21419,137435100#2,5.0,2.7
21420,21421,137435102#0,3.0,1.6633986928104574
21422,21423,137435102#1,4.0,0.7
21426,21427,137435107#0,5.0,0.33333333333333326
21430,21431,137435107#3,11.0,0.0
21432,21433,137435107#4,3.4000000000000004,0.24999999999999997
21434,21435,137454133#1,5.0,1.2
21436,21437,137454133#3,6.0,0.25000000000000006
21438,21439,137454133#4,4.8,0.5
21442,21443,137463474#0,15.0,8.82007575757576
21444,21445,137463474#1,9.0,0.33333333333333304
21446,21447,137463475#0,1.0,49.260676258842516
21448,21449,137463475#1,6.0,64.00826314953125
21450,21451,137463475#2,19.0,122.22170199304018
21452,21453,137463477#0,87.0,2688.5098237446005
21454,21455,137463477#1,87.0,1490.1272285528537
21456,21457,137463478#1,5.0,628.1624104069078
21458,21459,137463478#1.104,2.0,150.86074290090718
21460,21461,137463478#1.19,19.0,10550.830337490826
21462,21463,137463478#2,130.0,16183.99100979584
21464,21465,137463478#3,214.4,20386.30772801114
21466,21467,137500982#2,13.6,2.333333333333334
21468,21469,137500982#3,53.6,44.5
21472,21473,137672872,8.0,1.094304388422036
21474,21475,137672874#1,5.0,0.7292741658066736
21476,21477,137672879,33.0,0.0
21478,21479,137685135,3.0,0.2680718528176156
21482,21483,137685160#1,2.0,0.30000000000000004
21484,21485,137685160#2,7.0,0.19999999999999996
21486,21487,137685160#3,2.0,0.3
21488,21489,137685161#0,125.0,0.0
21490,21491,137685161#1,97.0,0.0
21496,21497,137685161#4,213.0,136.76363636363638
21498,21499,137685161#5,6.0,0.2651515151515152
21500,21501,137685161#6,42.0,2.9999999999999987
21502,21503,137685161#7,56.4,1.583333333333334
21504,21505,138002148,8.0,0.8146617935271999
21506,21507,138002149#1,4.0,0.8749280594359863
21508,21509,138002149#2,13.0,1.607761409446076
21510,21511,138002149#3,8.600000000000023,1.601128672020187
21512,21513,138265831,14.8,18.0
21514,21515,138300617#0,6.0,0.33333333333333326
21516,21517,138300617#1,2.0,0.0
21518,21519,138300617#2,1.0,0.0
21520,21521,138300617#3,9.6,1.0
21522,21523,138300617#4,8.6,0.3333333333333335
21524,21525,138300617#5,10.0,1.333333333333333
21526,21527,138300620#1,3.0,0.6964285714285714
21528,21529,138300620#2,6.0,1.1944444444444442
21530,21531,138300620#6,10.600000000000001,4.256410256410256
21532,21533,138300621#0,23.0,0.0
21534,21535,138300622,10.0,0.0
21538,21539,138300624#1,7.4,0.24999999999999992
21540,21541,138300626#0,3.0,0.4291666666666666
21542,21543,138300626#1,13.0,2.5333333333333328
21544,21545,138300627,9.0,0.0
21546,21547,138300628,2.0,0.3333333333333333
21548,21549,138300629,4.0,14.415322580645158
21550,21551,138396236,2.0,0.328365001706679
21552,21553,138396239#0,0.0,0.13173480535909382
21554,21555,138396239#1,3.0,0.4166711179958334
21556,21557,138396689#2,33.0,10.916666666666668
21558,21559,138396689#3,7.0,0.0
21560,21561,139230366,4.0,0.7442674893687998
21564,21565,139429268,3.0,0.332776868701895
21566,21567,139429273,52.0,39.12916666666668
21574,21575,140579883,19.8,27.0
21576,21577,140684000#1,40.0,289.8729661849816
21578,21579,140684000#1.21,4.0,1.335530531905155
21580,21581,140684003,26.0,6.496371552975329
21586,21587,140737941#2,1.0,0.0
21590,21591,140737941#4,1.0,0.0
21594,21595,140737941#6,1.0,0.0
21598,21599,140737941#8,1.0,0.0
21600,21601,140737941#9,1.0,0.0
21604,21605,140737948#0,5.0,0.8
21606,21607,140737948#1,6.0,5.238095238095238
21608,21609,140737948#10,1.0,0.0
21614,21615,140737948#3,3.8,0.5
21616,21617,140737948#4,4.6,2.0
21618,21619,140737948#5,3.0,0.0
21620,21621,140737948#6,1.6,0.33333333333333337
21622,21623,140737948#7,4.6,0.33333333333333326
21624,21625,140737948#8,4.4,1.6666666666666667
21626,21627,140737948#9,4.4,0.6666666666666665
21628,21629,140737954#0,4.0,0.19999999999999996
21630,21631,140737954#1,4.0,0.30000000000000004
21634,21635,140737954#11,4.0,0.0
21636,21637,140737954#12,3.8,0.5
21638,21639,140737954#13,2.0,0.7
21640,21641,140737954#3,5.0,1.3333333333333333
21642,21643,140737954#4,3.6,2.3333333333333335
21644,21645,140737954#5,3.8,0.5
21650,21651,140737954#8,1.0,0.0
21658,21659,140737969,2.8,0.5
21664,21665,140737980#1,1.0,0.0
21668,21669,140737990,7.0,1.333333333333333
21670,21671,140737996,7.0,0.0
21676,21677,140738008,4.0,0.0
21678,21679,140738011,6.6,2.0
21682,21683,140738034,16.0,0.0
21684,21685,140738037,13.2,1.333333333333333
21686,21687,140738047#0,4.2,0.7999999999999999
21688,21689,140738047#1,1.2000000000000002,0.2
21690,21691,140738047#2,10.0,1.3666666666666663
21692,21693,140738054#0,11.600000000000001,4.300000000000001
21694,21695,140738054#1,4.0,0.8974358974358975
21696,21697,140738054#2,3.0,0.24999999999999997
21698,21699,140739763,8.0,1.3333333333333335
21702,21703,140834247#0,14.0,0.0
21704,21705,140834247#1,32.0,0.0
21708,21709,140834249#0,13.8,1.8095238095238093
21710,21711,140834249#1,6.0,0.9523809523809524
21712,21713,140834249#10,9.0,0.3333333333333335
21714,21715,140834249#11,15.4,2.9166666666666665
21716,21717,140834249#2,2.0,0.26785714285714285
21718,21719,140834249#3,1.0,0.14285714285714285
21720,21721,140834249#4,2.6,0.33333333333333337
21722,21723,140834249#5,2.0,0.0
21724,21725,140834249#6,2.8,0.5
21726,21727,140834249#7,5.0,0.0
21728,21729,140834249#8,15.0,0.3333333333333335
21730,21731,140834249#9,5.0,0.33333333333333326
21732,21733,140834250,10.0,0.0
21734,21735,140834251,14.0,0.0
21736,21737,140834252,10.8,0.5
21740,21741,140834254#0,7.0,0.2666666666666667
21742,21743,140834254#10,8.8,0.5
21744,21745,140834254#11,4.8,0.5
21746,21747,140834254#13,8.4,1.583333333333333
21748,21749,140834254#2,5.0,0.16363636363636372
21750,21751,140834254#3,4.2,0.1777777777777779
21752,21753,140834254#4,4.0,0.12500000000000003
21754,21755,140834254#5,5.0,0.12499999999999999
21756,21757,140834254#6,4.0,0.12500000000000003
21758,21759,140834254#7,10.0,0.16666666666666657
21760,21761,140834254#8,7.8,0.5
21762,21763,140834254#9,9.8,0.5
21764,21765,140834255#1,9.0,2.9821428571428563
21782,21783,140834257#7,8.0,0.0
21786,21787,140834259,7.6,2.0
21790,21791,140834261#0,9.0,0.8181818181818182
21792,21793,140834261#1,1.0,0.17234848484848486
21794,21795,140834261#2,2.0,0.3200757575757575
21796,21797,140834261#3,16.200000000000003,3.1394957983193286
21798,21799,140834262#0,8.0,0.7401272908519285
21800,21801,140834262#1,6.0,0.49306034813281185
21802,21803,140834263#0,9.0,0.0
21804,21805,140834263#1,3.0,0.0
21806,21807,140834270#0,31.0,50.0
21808,21809,140834270#2,24.0,0.0
21810,21811,140834271#0,28.0,12.5
21816,21817,141058755#0,10.0,0.8948287910552059
21818,21819,141058755#1,13.0,2.5902702702702696
21820,21821,141058755#2,5.0,0.358421052631579
21822,21823,141058755#3,3.0,0.2695495495495494
21824,21825,141058755#4,2.0,0.24576576576576578
21832,21833,141058765,16.0,4.668684320308309
21834,21835,143054330,1.0,0.0
21836,21837,143054332#0,7.200000000000001,13.5
21840,21841,143054333#10,8.0,0.0
21842,21843,143054333#11,6.8,0.5
21844,21845,143054333#12,6.0,5.333333333333333
21846,21847,143054333#13,36.0,29.025641025641022
21848,21849,143054333#14,5.800000000000001,1.6190476190476193
21850,21851,143054333#15,3.0,1.2000000000000002
21852,21853,143054333#16,3.4000000000000004,1.802197802197802
21854,21855,143054333#17,3.0,0.4000000000000001
21856,21857,143054333#18,3.0,0.3333333333333332
21858,21859,143054333#19,6.0,1.389705882352941
21860,21861,143054333#2,30.400000000000006,7.443333333333334
21862,21863,143054333#20,4.0,0.7554112554112552
21864,21865,143054333#21,4.0,0.6559139784946236
21866,21867,143054333#22,5.0,1.5495798319327732
21868,21869,143054333#23,7.0,2.025525525525526
21870,21871,143054333#4,46.4,19.299999999999997
21872,21873,143054333#5,46.6,44.183823529411775
21876,21877,143054333#7,16.0,1.1
21878,21879,143054333#8,13.2,1.333333333333333
21880,21881,143054333#9,6.0,0.0
21884,21885,143313739,16.0,0.0
21886,21887,143313756,82.0,66.67272727272726
21890,21891,144655546#0,11.0,2.1315046136463502
21892,21893,144655546#1,12.0,2.0316263190564867
21894,21895,144655546#2,2.0,0.22403826988239986
21896,21897,144655547#0,10.0,0.5934065934065932
21898,21899,144655547#1,5.0,0.3831501831501833
21900,21901,144655547#2,3.0,0.23749066467513072
21902,21903,144655547#3,7.0,0.5840179238237492
21904,21905,144655547#4,3.0,0.2684839432412248
21906,21907,144657087#0,10.8,0.5
21910,21911,144657087#3,5.8,0.5
21912,21913,144657087#4,10.6,2.0
21914,21915,144657087#5,13.0,3.2
21916,21917,144657087#6,25.0,12.285714285714286
21918,21919,144659489,14.0,2.2298101121024927
21920,21921,144659492#0,5.0,0.0
21922,21923,144659492#1,7.800000000000001,0.4761904761904763
21924,21925,144659492#2,7.8,0.5
21926,21927,144659492#3,4.0,0.9444444444444444
21928,21929,144659492#4,3.0,0.4
21930,21931,144659492#5,4.0,0.2857142857142857
21932,21933,144659492#6,5.0,0.39999999999999986
21934,21935,144659492#7,5.6000000000000005,0.7857142857142857
21936,21937,144659493,3.0,0.0
21938,21939,144659495,6.0,0.5698324022346372
21942,21943,145069268,6.0,0.9666666666666668
21946,21947,145069270#1,4.0,1.6
21948,21949,145069270#2,6.0,1.244206773618538
21950,21951,145069272,24.0,3.071428571428572
21952,21953,145069278#0,10.0,22.376666666666665
21954,21955,145069278#1,20.0,8.782608695652174
21956,21957,145069278#2,16.8,10.029239766081872
21958,21959,145069280#0,10.0,1.1927710843373498
21960,21961,145069280#1,4.0,0.323392612859097
21962,21963,145069284,3.0,0.19999999999999996
21964,21965,145069286#0,11.0,1.5636363636363637
21966,21967,145069286#1,1.0,0.24213836477987416
21968,21969,145069287#0,5.0,0.4291666666666666
21970,21971,145069287#1,5.0,0.3833333333333332
21972,21973,145069287#2,3.0,0.25
21974,21975,145069287#3,5.0,0.3958333333333334
21976,21977,145069287#4,3.0,0.1166666666666667
21978,21979,145069287#8,7.0,0.7333333333333332
21982,21983,145069291#2,20.0,0.0
21984,21985,145069294#0,5.200000000000003,0.5797468354430381
21986,21987,145069294#1,5.0,0.41123417721518973
21988,21989,145069294#2,4.0,0.47088607594936693
21990,21991,145069296,39.0,0.0
21992,21993,145069298,14.0,1.9073083778966118
21994,21995,145069303#1,7.0,2.9264185320145746
21996,21997,145069303#2,4.0,0.312923702145259
21998,21999,145069303#3,4.0,0.3053179485312852
22000,22001,145069303#4,5.0,1.037956605328207
22004,22005,145069307#0,4.4,2.2499999999999996
22006,22007,145069307#1,3.0,0.3333333333333333
22010,22011,145069311#0,8.0,0.6315789473684208
22012,22013,145069311#1,15.0,2.3896825396825374
22014,22015,145069313#0,11.2,1.5999999999999999
22016,22017,145069313#1,3.4000000000000004,0.18131868131868137
22018,22019,145069313#2,6.200000000000003,1.0538461538461534
22020,22021,145069316#1,5.0,0.15873015873015878
22022,22023,145069320#0,2.8000000000000007,1.4761904761904763
22024,22025,145069320#1,4.4,0.24999999999999992
22026,22027,145069323#1,20.0,3.566502463054185
22028,22029,145069323#2,6.0,0.6182266009852216
22030,22031,145069325#0,12.0,2.285714285714285
22032,22033,145069325#1,28.8,21.333333333333332
22034,22035,145069325#2,15.200000000000001,11.333333333333334
22036,22037,145069328,6.0,0.25
22038,22039,145069331#1,4.0,0.24153846153846145
22040,22041,145069331#2,1.0,0.13538461538461538
22042,22043,145069331#3,10.0,1.1646153846153844
22044,22045,145069331#4,15.0,2.3646153846153846
22046,22047,145069334,1.0,0.0
22048,22049,145069335#1,6.6000000000000005,68.55357142857142
22050,22051,145069335#2,2.0,0.41071428571428564
22052,22053,145069335#3,2.0,0.25
22054,22055,145069335#4,1.4000000000000004,0.25
22056,22057,145069336#0,11.0,1.5025510204081634
22058,22059,145069336#1,5.0,0.5527482269503545
22060,22061,145069336#3,5.0,1.0559649122807018
22062,22063,145069339#0,10.0,0.5714285714285717
22064,22065,145069339#1,6.6000000000000005,0.9821428571428571
22066,22067,145069339#2,2.0,0.1111111111111111
22070,22071,145069342#1,51.8,27.35606060606061
22072,22073,145069342#2,2.0,0.2857142857142857
22074,22075,145069342#3,16.2,13.3
22076,22077,145069342#4,45.2,6.0
22078,22079,145069345#1,31.400000000000002,11.999999999999995
22080,22081,145069347#0,19.8,0.5
22082,22083,145069347#1,3.6,0.33333333333333337
22084,22085,145069350#1,16.0,2.2857142857142856
22086,22087,145069350#2,6.0,0.7222222222222223
22088,22089,145069351,15.8,2.6190476190476186
22090,22091,145069354#0,11.4,3.0000000000000013
22092,22093,145069354#1,14.0,3.3000000000000003
22096,22097,145069362#1,7.800000000000001,1.0909090909090915
22098,22099,145069362#2,8.0,0.36111111111111105
22100,22101,145069363#0,14.0,1.0955882352941175
22102,22103,145069363#1,3.0,0.24999999999999986
22104,22105,145069363#2,9.2,0.8999999999999998
22106,22107,145069363#3,3.0,0.21428571428571427
22108,22109,145069369#0,4.0,1.1169590643274856
22110,22111,145069369#1,3.0,0.1285714285714286
22112,22113,145069371#0,11.8,1.9044117647058822
22114,22115,145069371#1,2.0,0.33333333333333337
22116,22117,145069373#0,4.0,0.4521929824561402
22118,22119,145069373#1,49.400000000000006,245.75283446712024
22120,22121,145069374,16.200000000000003,7.5
22122,22123,145069384,40.8,7.238095238095238
22124,22125,145069386#1,3.0,0.13705929299093936
22126,22127,145069386#2,2.0,0.060091075536359805
22128,22129,145069386#3,7.0,0.7977716226155265
22130,22131,145069391,4.0,2.280701754385965
22132,22133,145069394#0,7.0,0.7568306010928963
22134,22135,145069394#1,12.0,2.5157289776164555
22140,22141,146973149,7.600000000000001,10.842803030303031
22142,22143,146973150#0,11.0,0.9814182889535318
22144,22145,146973150#1,7.0,0.5046153846153846
22146,22147,146973153,9.0,1.5377040086615958
22148,22149,146973156#0,10.0,1.2285384008304683
22150,22151,146973156#1,7.0,0.8169895352777123
22154,22155,146973176#0,8.0,0.5189538642374377
22156,22157,146973176#1,5.0,0.3978842198060536
22158,22159,146973189,5.0,0.27826086956521734
22160,22161,146973196,13.0,1.5000000000000002
22162,22163,146973200#0,2.0,0.26315789473684204
22164,22165,146973200#1,14.4,2.5847953216374266
22166,22167,146973200#2,2.0,0.26086956521739135
22168,22169,146973201#0,27.0,2.347619047619046
22172,22173,146973206#0,18.4,4.5
22174,22175,146973206#1,16.4,4.5
22176,22177,146973206#2,4.0,0.0
22178,22179,146973210,4.0,0.17747994336951378
22180,22181,146973212,5.0,0.4040994524197134
22182,22183,146973214#1,16.0,5.016944444444443
22184,22185,146973214#10,2.0,0.19156792504822262
22186,22187,146973214#11,2.0,0.2671521219706453
22188,22189,146973214#12,2.0,0.2320441988950276
22190,22191,146973214#13,3.0,0.297851442602824
22192,22193,146973214#17,5.0,0.4275891251454566
22194,22195,146973214#18,3.0,0.7183433830529993
22196,22197,146973214#2,4.0,0.978311419270283
22198,22199,146973214#21,5.0,0.5533049040511726
22200,22201,146973214#22,4.0,0.158480189976253
22202,22203,146973214#23,7.0,0.6436274509803924
22204,22205,146973214#6,7.0,0.6734950056086755
22206,22207,146973214#7,3.0,0.81480690134074
22208,22209,146973214#9,4.0,0.4806282722513089
22210,22211,146973218#0,11.0,0.26666666666666683
22212,22213,146973218#1,8.0,0.9523809523809522
22214,22215,146973218#2,8.8,1.2424242424242424
22216,22217,146973218#3,14.0,1.9000000000000008
22218,22219,146973218#4,1.0,0.22105263157894733
22220,22221,146973218#5,7.0,1.3571428571428577
22222,22223,146973222,2.0,0.26432506887052337
22224,22225,146973225#1,3.0,0.4178516380998734
22226,22227,146973225#1.37,5.0,13.24334214094496
22228,22229,146973225#2,3.0,0.5089859890482334
22230,22231,146973225#3,6.0,19.913045284586648
22232,22233,146973234#1,96.6,24.5
22234,22235,146973236#0,4.0,0.2694512694512694
22236,22237,146973236#1,10.0,1.0909090909090915
22238,22239,146973236#10,3.4000000000000004,0.5
22240,22241,146973236#11,5.0,0.41071428571428586
22244,22245,146973236#13,5.0,0.0
22246,22247,146973236#14,7.0,0.0
22248,22249,146973236#15,2.0,0.0
22250,22251,146973236#2,6.0,0.5681818181818183
22252,22253,146973236#3,4.0,0.3694503171247358
22254,22255,146973236#4,5.0,0.36923076923076914
22256,22257,146973236#5,6.0,0.6660256410256411
22258,22259,146973236#7,5.0,0.7118279569892475
22260,22261,146973236#8,9.0,1.2545454545454544
22262,22263,146973236#9,3.0,0.3611111111111111
22264,22265,146973241,8.0,0.8989636455164262
22266,22267,146973247,19.0,0.0
22268,22269,146973256,16.0,2.803282137597307
22270,22271,146973258,23.8,0.5
22276,22277,147014252#2,8.0,0.0
22278,22279,147014252#3,7.0,0.0
22280,22281,147014252#4,3.0,0.0
22282,22283,147014252#6,17.2,9.700000000000003
22286,22287,147014270#0,59.0,0.0
22288,22289,147014273#0,5.2,2.333333333333334
22290,22291,147014273#1,7.0,0.0
22292,22293,147042365#0,1.0,0.0
22294,22295,147042365#1,2.8,0.5
22298,22299,147042372#0,3.0,0.0
22302,22303,147042381#0,26.8,18.0
22304,22305,147042381#1,17.4,4.5
22308,22309,147042385#1,17.8,0.5
22310,22311,147042385#2,20.0,0.0
22312,22313,148050447#0,15.4,0.9166666666666666
22314,22315,148050447#1,13.0,2.904761904761905
22316,22317,148050448#0,9.0,0.5766666666666664
22318,22319,148050448#1,7.0,1.8933333333333335
22320,22321,148050451#0,11.0,1.6625
22322,22323,148050451#1,6.0,1.0661764705882355
22324,22325,148050451#2,12.600000000000001,39.712418300653596
22326,22327,148050452#0,9.0,0.4
22328,22329,148050452#1,15.0,0.0
22330,22331,148050453#0,9.0,0.9000000000000006
22332,22333,148050453#1,5.0,0.2727272727272726
22334,22335,148050453#3,10.4,2.2777777777777777
22336,22337,148050453#4,16.8,0.5
22340,22341,148050455#0,11.0,2.9615384615384626
22342,22343,148050455#1,49.0,790.0000000000002
22344,22345,148050456,16.8,0.5
22346,22347,148050457#0,4.0,0.0
22348,22349,148050457#1,9.2,0.7999999999999999
22350,22351,148050457#2,3.0,0.25000000000000006
22366,22367,148351766,1.0,0.243624750499002
22368,22369,148352067,8.0,0.6651136063613349
22410,22411,148527691#1,7.0,0.21698113207547148
22412,22413,148527691#2,7.0,0.5899854862119012
22414,22415,148527691#3,8.0,0.8715529753265601
22416,22417,148527691#4,15.0,1.3744557329462996
22418,22419,148527691#5,6.0,0.46296296296296313
22420,22421,148527691#6,6.0,0.3245981830887489
22422,22423,148527691#7,12.0,1.2344514325646399
22424,22425,148527691#8,19.0,2.8151642208245997
22426,22427,148527691#9,3.0,0.18623340321453524
22428,22429,148527692#0,9.0,1.3502116574405734
22430,22431,148527692#1,1.0,0.1761822063026882
22432,22433,148529632#0,28.0,13.654545454545456
22434,22435,148529632#2,17.6,6.214285714285714
22436,22437,148529632#3,24.0,17.199999999999996
22438,22439,148529632#4,14.0,3.7666666666666666
22440,22441,148596540#0,8.0,0.7262368300503897
22442,22443,148596540#1,4.0,0.303069170865781
22444,22445,148596540#2,20.0,3.841727271228085
22460,22461,148680869#0,7.0,0.0
22476,22477,149044751#0,11.600000000000001,1.1249999999999998
22478,22479,149044751#1,7.0,0.8
22480,22481,149044751#2,3.8,0.5
22482,22483,149045266,19.0,2.3275641025641036
22484,22485,149045267#0,3.0,0.16951219512195123
22486,22487,149045267#1,4.0,0.451219512195122
22488,22489,149045267#2,4.0,0.28780487804878035
22490,22491,149045267#3,4.0,372.57560975609755
22492,22493,149045269#0,5.0,1262.9797570850203
22494,22495,149045269#1,93.00000000000009,3142.2550607287453
22496,22497,149045269#3,339.40000000000003,22078.65182186235
22498,22499,149045845,12.400000000000002,1.3025362318840579
22500,22501,149626676#0,9.0,0.9234234234234238
22502,22503,149626676#1,3.0,2.604053236539625
22504,22505,149626676#2,6.0,1322.5971014492754
22506,22507,149626676#3,659.6000000000003,191977.40101010102
22508,22509,150391230,5.8,0.5
22510,22511,15057616#0,10.0,0.0
22512,22513,15057616#1,8.0,0.0
22514,22515,15066337#0,13.6,1.0
22516,22517,15066337#1,9.0,0.3333333333333335
22518,22519,15066337#2,16.0,1.8000000000000003
22520,22521,15066337#3,15.2,2.3333333333333335
22522,22523,15066339#0,8.0,0.30000000000000016
22524,22525,15066339#1,4.4,0.24999999999999992
22526,22527,15066339#2,12.4,0.9166666666666665
22528,22529,15066339#3,9.0,0.33333333333333304
22530,22531,150746347#0,19.0,2.1539470233412015
22532,22533,150746347#1,3.0,0.282020525123284
22534,22535,150746347#2,24.0,5.1394257703081205
22536,22537,150746347#4,6.0,1.151649175412294
22538,22539,150746361#0,8.800000000000011,248.04102564102556
22540,22541,150746361#2,27.0,7.44033613445378
22542,22543,150746364#1,7.0,0.5906432748538014
22544,22545,150746364#2,3.0,0.5238095238095237
22546,22547,150746364#4,5.0,0.2857142857142857
22548,22549,150746365,19.2,3.6999999999999993
22550,22551,150815016,6.0,0.16666666666666669
22552,22553,150816775,3.0,0.32325581395348824
22556,22557,151167720#0,9.200000000000001,6.611111111111111
22558,22559,151167720#1,16.0,4.163636363636363
22560,22561,151167728,2.0,96.11491811496848
22562,22563,151167728.19,25.0,226.50874017702046
22566,22567,151167733#2,12.0,1.333333333333333
22568,22569,151167733#3,11.8,1.676411290322581
22570,22571,151167733#4,12.0,1.9714795008912658
22572,22573,151167733#5,7.0,1.722748135398738
22574,22575,151167738#1,28.400000000000002,10.904761904761903
22576,22577,151167740,7.0,1.1096445782866924
22578,22579,151167747#0,4.0,1.5711098779134305
22580,22581,151167747#0.13,51.0,377.2234961154272
22582,22583,151167753,17.6,2.0
22584,22585,151167768,1.0,0.13714917906228916
22586,22587,151345397,29.200000000000003,19.0
22588,22589,151345398#1,11.4,2.25
22594,22595,151345407#0,3.0,0.5
22596,22597,151345407#1,2.2,0.19999999999999996
22598,22599,151345407#2,24.0,12.5
22600,22601,151345409#1,3.2,2.3333333333333335
22606,22607,152036408,524.6000000000003,60711.04705882354
22608,22609,152037912,13.8,61.0
22610,22611,152037913#0,6.0,0.33333333333333326
22612,22613,152037913#1,3.0,0.0
22614,22615,152037914,6.0,17.366666666666667
22616,22617,152038425,8.0,1.8000000000000003
22620,22621,152038427,9.0,14.439560439560438
22622,22623,152039154#0,4.6,1.0
22624,22625,152039154#1,4.0,0.4999999999999999
22626,22627,152039156,11.6,1.0
22628,22629,152039157,10.200000000000001,3.5833333333333326
22630,22631,152040623#0,3.0,0.9821428571428569
22632,22633,152040623#1,7.0,0.904761904761905
22634,22635,152077572#0,4.0,1882.346173244231
22636,22637,152077572#1,14.000000000000057,27999.934172148773
22638,22639,152077572#2,388.20000000000005,72980.23447612024
22640,22641,152079697,8.0,0.0
22642,22643,152079698,13.0,0.0
22646,22647,152081136,10.0,0.30000000000000004
22648,22649,152081143,3.0,0.33333333333333337
22656,22657,153220338#0,6.0,1.1387764012779
22658,22659,153220338#1,3.0,5.148904516775283
22660,22661,153220338#2,6.0,134.6125159680343
22662,22663,153220338#3,2.0,0.16483367580928543
22664,22665,153220338#4,4.0,122.90964917268424
22666,22667,153222274#1,6.0,7.4761904761904745
22668,22669,153222274#2,4.0,0.0
22670,22671,153222274#3,22.6,5.7
22672,22673,153222276,4.6,1.0
22676,22677,153692837#2,20.0,6.311051693404632
22678,22679,153692841#0,7.4,1.7333333333333334
22680,22681,153692841#1,5.4,0.8611111111111112
22682,22683,153692841#2,6.0,0.3333333333333335
22684,22685,153692841#4,3.4000000000000004,0.25000000000000006
22686,22687,153692841#5,13.0,0.3333333333333335
22690,22691,153774645,22.0,9.928614640048398
22692,22693,153774646,8.0,1.5277777777777777
22694,22695,153774647,3.0,0.11111111111111119
22696,22697,153774648#0,29.8,12.441176470588234
22698,22699,153774648#1,67.0,62.952380952380935
22700,22701,153774649#0,14.0,30.947368421052644
22702,22703,153774649#1,11.8,14.8421052631579
22704,22705,154658249,4.0,0.6190476190476191
22706,22707,155458987,2.0,0.26666666666666666
22708,22709,155458988,5.0,1.1066666666666662
22710,22711,155847370,10.0,0.6437908496732027
22714,22715,155847568,26.0,0.0
22716,22717,156041643#0,7.0,0.7017543859649122
22718,22719,156041643#1,2.0,0.09941520467836255
22720,22721,156041643#2,4.0,0.261437908496732
22722,22723,156041695,11.8,0.9999999999999997
22724,22725,156041699,9.0,0.0
22726,22727,156041708,9.0,3.866666666666666
22728,22729,156041710,18.4,5.799999999999999
22730,22731,156041713#1,3.0,0.2777777777777778
22732,22733,156041713#2,11.0,2.3333333333333335
22734,22735,156041713#3,11.6,2.0
22736,22737,156791363,27.0,50.0
22738,22739,156791366#0,4.0,0.12500000000000008
22740,22741,156791366#1,16.2,3.8
22742,22743,156791366#2,13.200000000000001,3.0000000000000004
22744,22745,156817405,4.0,0.26666666666666666
22748,22749,156923383,8.0,0.0
22750,22751,156923526#1,4.0,0.38721291123525764
22752,22753,156923526#2,10.0,1.0855369335816267
22754,22755,156923526#3,2.0,0.2620732464307884
22756,22757,156923526#4,2.0,0.2351694915254237
22762,22763,157305700#2,23.0,5.424860853432278
22764,22765,157305700#3,8.0,0.9645257654966393
22766,22767,157305700#4,4.0,0.31954817027632554
22768,22769,157305700#5,3.0,0.26648351648351654
22770,22771,157305700#6,9.0,1.9326007326007342
22772,22773,157305701,14.8,0.5
22776,22777,157305702#1,10.8,1.2424242424242424
22778,22779,157305702#2,15.0,1.9743589743589745
22780,22781,157305703,6.0,1.339971550497866
22782,22783,157306362#0,3.0,0.23333333333333328
22784,22785,157306362#1,3.0,0.5636363636363637
22786,22787,157306362#10,17.0,1.4666666666666657
22788,22789,157306362#2,3.0,0.4107142857142856
22790,22791,157306362#3,2.0,0.0
22792,22793,157306362#4,4.4,1.6666666666666663
22794,22795,157306362#5,6.4,0.25
22796,22797,157306362#8,24.0,3.5535714285714284
22798,22799,157306362#9,20.0,3.129166666666667
22804,22805,158179325#0,2.0,0.4000000000000001
22806,22807,158179326,7.0,0.28571428571428575
22808,22809,158179327,6.8,0.5
22810,22811,158179328#0,3.0,0.8780487804878051
22812,22813,158179328#1,4.0,0.23333333333333334
22814,22815,158179328#2,7.6,2.0
22816,22817,158179328#3,3.0,0.2631578947368421
22818,22819,158179329#0,27.0,0.0
22820,22821,158179329#1,9.0,0.0
22822,22823,158179329#2,9.0,1.8620689655172427
22824,22825,158179329#3,12.200000000000001,4.666666666666666
22826,22827,158179330#0,2.0,0.3333333333333333
22830,22831,158179330#3,6.4,0.9166666666666664
22832,22833,158179332,11.0,1.1415124959428757
22834,22835,158180482#0,4.8,0.5
22836,22837,158180482#1,6.0,3.0
22838,22839,158180482#2,5.0,2.3
22840,22841,158180482#3,2.8000000000000007,0.23809523809523805
22842,22843,158180482#4,3.0,0.3
22844,22845,158180483#0,3.0,0.7
22846,22847,158180483#2,3.6,0.33333333333333337
22850,22851,159579401#5,5.0,0.0
22852,22853,159579401#6,12.0,2.3000000000000003
22854,22855,159579401#7,6.0,0.6666666666666667
22858,22859,159633435,19.0,0.0
22860,22861,159646363#1,3.200000000000001,1.6952380952380952
22862,22863,159646363#2,4.0,2.228571428571429
22864,22865,159646363#3,12.0,2.1139784946236557
22868,22869,159743996#1,7.800000000000001,4.333333333333334
22870,22871,159743996#2,9.2,1.333333333333333
22872,22873,159743996#3,17.2,8.0
22874,22875,159961033,4.0,0.3
22876,22877,159961041,14.600000000000001,2.2857142857142856
22878,22879,160090329#0,2.0,0.3
22880,22881,160090329#1,18.0,8.0
22882,22883,160090329#2,2.4000000000000004,0.8
22884,22885,160090330,12.8,4.9523809523809526
22886,22887,160090331,12.0,3.866666666666666
22888,22889,160309404#1,15.2,1.3000000000000003
22890,22891,160309406#0,8.0,6.685714285714285
22892,22893,160309406#1,12.2,7.555555555555555
22894,22895,160309406#2,12.4,4.065934065934067
22896,22897,160311903#1,26.0,0.0
22898,22899,160314345#0,8.0,0.0
22900,22901,160314345#1,10.0,0.0
22902,22903,160314345#2,14.0,3.766666666666668
22904,22905,160314345#3,11.2,1.6999999999999997
22906,22907,160314345#4,12.0,1.366666666666667
22908,22909,160314345#7,12.4,1.6666666666666667
22910,22911,160314345#8,15.4,2.25
22912,22913,160314346#0,10.0,2.0677361853832448
22914,22915,160314346#1,9.0,28.06089743589744
22916,22917,160314351#0,6.0,0.0
22918,22919,160314351#1,1.0,0.0
22920,22921,161678034#0,4.0,0.34695658047303285
22922,22923,161678034#1,18.0,6.2727415324975215
22924,22925,161678034#2,52.0,316.7746959881805
22926,22927,161680732,6.0,2.2063876398016817
22928,22929,161680736,8.0,1.0757336594041806
22930,22931,161680739,18.0,3.1363087174605493
22932,22933,161680744#0,4.0,0.9654319990807546
22934,22935,161680744#1,15.0,1.9098503522708523
22936,22937,161783474#0,3.0,0.4153858957998112
22950,22951,161783476#0,2.0,0.0686055182699478
22952,22953,161783477,11.0,0.24746835443037998
22954,22955,161783478#0,2.0,0.46334086522619233
22956,22957,161783478#1,1.0,2.27792684649061
22958,22959,161783479#0,2.0,0.09998806824961219
22960,22961,161783480,2.0,0.17596871667259145
22964,22965,161783482#0,3.0,0.0947368421052632
22966,22967,161783483#1,7.0,10.783333333333335
22976,22977,161784059#0,26.0,6.549769850402762
22978,22979,161784059#1,9.0,0.8692364714603411
22980,22981,161784059#2,13.0,1.7690590111642737
22982,22983,161784059#3,10.0,1.0695640272731803
22984,22985,161784059#4,3.0,0.2605688902349763
22986,22987,161784059#5,12.0,41.16402917644679
22996,22997,161789031#1,17.8,6.777777777777779
22998,22999,161789031#2,5.0,0.21818181818181817
23000,23001,161789031#3,5.0,2.5
23002,23003,161789031#4,17.6,2.333333333333332
23004,23005,161789031#5,6.2,1.3444444444444443
23006,23007,161789031#6,4.800000000000001,0.9047619047619048
23008,23009,161789031#7,5.0,0.4761904761904761
23010,23011,161789032,17.6,2.0
23012,23013,161789034,16.6,3.6964285714285716
23014,23015,161789035#1,6.800000000000001,1.87012987012987
23016,23017,161789037#1,9.0,0.6580086580086575
23018,23019,161789040,4.0,0.6793478260869564
23020,23021,161789042,27.400000000000002,20.25
23022,23023,161789044#1,3.0,0.3833333333333334
23024,23025,161789044#2,3.0,0.0
23026,23027,161789379#1,6.0,0.0
23028,23029,161789381,3.0,0.2435897435897436
23032,23033,162281925,7.0,2.7602339181286553
23034,23035,163591683,137.0,612.5
23036,23037,164051398,25.0,6.149741382315653
23038,23039,164051399,3.0,0.2817381425731329
23040,23041,164051401#0,2.2,0.20000000000000004
23042,23043,164051401#1,7.000000000000001,14.5
23044,23045,164051403#0,5.0,0.4904920767306087
23046,23047,164051405#1,8.0,4.430021367521368
23048,23049,164051405#2,4.0,0.23393653291371622
23050,23051,164051408,3.0,0.27764804003336113
23052,23053,164051410#0,8.0,0.9422139707588766
23054,23055,164051410#1,2.0,0.2234621250635487
23056,23057,164051413#0,72.0,986.7025695646381
23058,23059,164051417#0,2.0,0.0
23060,23061,164051417#1,3.0,0.0
23062,23063,164051420,1.0,0.0
23064,23065,164051424,6.0,0.6692601067887106
23066,23067,164051425#0,3.0,0.20222092343658685
23068,23069,164051425#1,12.0,1.6230274693161892
23070,23071,164051425#2,16.0,3.0853302162478076
23072,23073,164051425#3,8.0,1.0080363382250175
23074,23075,164051425#4,11.0,9.534833091436862
23076,23077,164051429#1,22.0,125.30362423079995
23078,23079,164051431#0,10.0,1.0164835164835169
23080,23081,164051431#1,2.0,0.125
23082,23083,164051431#2,15.0,1.7573529411764703
23084,23085,164051431#3,14.0,1.5164835164835166
23086,23087,164051431#4,7.0,0.2777777777777778
23088,23089,164051431#5,3.0,0.21818181818181817
23090,23091,164051438#0,8.8,0.5
23092,23093,164051438#0.108,1.0,0.0
23098,23099,164078531#0,20.0,21.86567399192168
23100,23101,164078531#1,9.0,79.6133580705009
23102,23103,164078536,9.0,1.063543452040881
23112,23113,164633674#0,8.0,3.0
23114,23115,164633674#1,4.6,0.33333333333333326
23116,23117,164859338#1,5.0,0.31578947368421045
23118,23119,164859338#2,8.0,0.7857142857142858
23120,23121,164859338#3,23.2,2.4999999999999996
23122,23123,164859338#4,3.0,1.3333333333333333
23124,23125,165414587#0,1.0,0.0
23128,23129,165520703#1,5.800000000000001,1.0000000000000002
23130,23131,165520703#2,4.0,0.3333333333333333
23132,23133,165520703#3,6.0,0.0
23136,23137,165520704#0,8.0,47.33152173913042
23138,23139,165520704#1,9.000000000000005,34.980952380952374
23140,23141,165520706,4.0,170.2012195121951
23142,23143,165520725,2.6,1.0
23188,23189,166638351#11,17.0,1.2857142857142867
23190,23191,166638351#12,9.0,0.0
23192,23193,166638351#13,29.0,3.476190476190476
23194,23195,166638351#14,9.0,0.5714285714285714
23196,23197,166638351#15,14.0,4.044444444444444
23198,23199,166638351#16,8.6,1.0
23280,23281,166638365,19.6,10.333333333333332
23290,23291,166638367#3,31.0,1.7777777777777777
23292,23293,166638367#4,26.6,0.3333333333333339
23294,23295,166638367#5,28.2,2.333333333333335
23296,23297,166638367#6,71.8,6.333333333333343
23304,23305,166638371#0,8.2,2.333333333333334
23306,23307,166638371#1,14.0,0.0
23328,23329,166638371#2,16.0,0.0
23330,23331,166638371#3,9.0,0.0
23344,23345,166638372,27.0,0.0
23382,23383,166642717#1,5.0,0.0
23384,23385,166642717#2,1.8000000000000007,1.0000000000000002
23386,23387,166642719,6.8,0.5
23388,23389,166642721,5.0,0.4545454545454545
23396,23397,166821307#0,3.0,0.0
23398,23399,166821307#1,27.0,0.0
23400,23401,166821307#2,4.0,0.0
23402,23403,166821308#1,14.0,7.904761904761905
23404,23405,166821308#2,7.0,0.33333333333333326
23406,23407,166821308#4,3.0,0.33333333333333326
23410,23411,166822311#0,3.8000000000000007,1.0
23412,23413,166822311#1,4.0,1.5
23414,23415,166822311#3,2.0,0.30000000000000004
23416,23417,166822311#4,14.2,8.0
23418,23419,166822311#5,1.0,0.0
23420,23421,166823358,5.2,0.49999999999999994
23422,23423,166823359#0,1.8,0.5
23424,23425,166878977,18.6,2.0
23426,23427,166878978,7.0,0.4761904761904762
23428,23429,166878981,3.0,0.0
23430,23431,166878983,3.6,2.0
23448,23449,166878990#1,8.0,0.0
23458,23459,166878993#1,3.6,1.0
23460,23461,166878993#2,28.0,0.0
23464,23465,166878994#1,6.0,0.0
23466,23467,166878996#1,3.8,0.5
23468,23469,166878996#2,10.2,4.0
23474,23475,166879001#0,3.0,0.0
23476,23477,166879001#1,8.2,1.3333333333333335
23478,23479,168158792,13.400000000000002,4.666666666666667
23480,23481,168158796#0,18.0,4.333333333333333
23482,23483,168158796#1,1.0,0.2
23484,23485,168158796#2,2.0,0.0
23486,23487,168158811#1,5.0,0.0
23488,23489,168158820#1,2.0,0.2
23490,23491,168158826,7.2,0.7
23494,23495,168172762#1,106.0,0.0
23496,23497,168172763#1,5.6,1.0
23498,23499,168172764,21.0,0.0
23500,23501,168243629#1,4.0,0.24999999999999997
23502,23503,168243629#2,3.0,0.75
23504,23505,168243629#3,9.0,1.241379310344828
23506,23507,168243629#3.84,2.0,0.11612903225806452
23508,23509,168243632,13.0,0.0
23510,23511,168245119#0,5.0,0.3999999999999999
23512,23513,168245119#1,12.4,1.1944444444444446
23514,23515,168249926#0,10.600000000000023,112.85240808645054
23516,23517,168249928,3.0,0.0
23518,23519,168249929,3.0,0.0
23520,23521,168434696,9.4,1.8611111111111105
23522,23523,168511765#0,8.0,4.566666666666667
23524,23525,168511765#1,6.0,1.3571428571428577
23526,23527,168853055#0,8.0,1.3103555348548368
23528,23529,168853055#1,30.0,21.596161535385843
23530,23531,168853055#2,20.0,4.212518740629683
23534,23535,168853060#1,36.0,0.9666666666666661
23536,23537,168853061#0,1.0,0.0
23538,23539,168853061#1,48.800000000000004,18.250000000000004
23542,23543,168853069#1,49.2,52.33333333333333
23544,23545,168853069#2,238.4,779.2499999999998
23546,23547,168853071#1,50.2,26.69642857142856
23548,23549,168853071#2,43.4,2.9166666666666665
23550,23551,168853071#3,3.0,0.3333333333333333
23552,23553,168853071#4,192.4,244.33333333333334
23554,23555,169739284,4.0,1.2919764446080224
23556,23557,170398274#0,4.0,0.7320044296788482
23558,23559,170398274#1,3.0,0.48974358974358967
23560,23561,170398274#2,4.0,0.3706349206349206
23562,23563,170398274#3,2.0,0.22105263157894747
23564,23565,170398274#4,5.0,0.2999999999999999
23566,23567,170425366#1,24.0,0.0
23568,23569,170425366#2,46.4,23.0
23570,23571,170425366#3,15.400000000000002,15.0
23572,23573,170425366#4,26.6,4.333333333333334
23574,23575,170425366#5,21.8,4.333333333333334
23576,23577,170425368,10.0,3.2
23578,23579,171006984,14.4,4.5
23580,23581,171006990#0,8.0,2.266666666666666
23582,23583,171006990#1,8.4,0.25000000000000017
23584,23585,171006990#2,7.0,0.0
23588,23589,171007004,7.0,15.755275635416453
23590,23591,171007007#1,9.0,0.25641025641025655
23592,23593,171007012#0,19.0,0.0
23596,23597,171007013#0,6.0,0.40384615384615385
23598,23599,171007013#1,4.0,0.4653846153846154
23600,23601,171007013#10,4.0,0.41818181818181815
23602,23603,171007013#11,13.600000000000001,1.6964285714285714
23606,23607,171007013#2,2.0,0.22005649717514125
23608,23609,171007013#3,3.0,0.22896174863387975
23610,23611,171007013#4,21.0,4.797077922077922
23612,23613,171007013#5,6.400000000000006,0.8732993197278911
23614,23615,171007013#6,11.0,1.395348837209302
23616,23617,171007013#7,6.0,0.36336336336336333
23618,23619,171007013#8,6.0,0.5151515151515151
23620,23621,171007020#0,15.0,1.1136363636363638
23622,23623,171007020#1,7.0,0.33516483516483525
23624,23625,171007020#2,6.0,0.14102564102564116
23630,23631,171007036#0,6.4,0.25000000000000006
23632,23633,171007036#1,19.4,2.9166666666666665
23634,23635,171007040#1,2.0,0.17777777777777778
23636,23637,171007045,24.6,6.333333333333335
23644,23645,171571099,7.0,0.3636363636363636
23646,23647,171571101#2,5.0,0.6545454545454545
23648,23649,171571142#0,67.0,57.8974358974359
23650,23651,171571142#1,274.0,923.9532163742689
23658,23659,171571149,5.0,0.2333333333333335
23660,23661,171571150,5.0,0.2999999999999999
23662,23663,171571151#0,22.4,9.861111111111112
23664,23665,171571151#1,3.0,0.557142857142857
23666,23667,171571151#10,4.2,0.4999999999999999
23670,23671,171571151#3,5.200000000000001,3.8285714285714287
23672,23673,171571151#4,20.400000000000002,8.571428571428577
23674,23675,171571151#5,10.0,1.7999999999999998
23676,23677,171571151#6,10.2,1.7000000000000002
23678,23679,171571151#7,20.2,4.700000000000001
23680,23681,171571151#8,4.0,0.30000000000000004
23682,23683,171571151#9,6.0,1.0
23684,23685,171571153,2.0,0.14492753623188404
23688,23689,171571155,14.0,0.0
23706,23707,171571161,14.0,0.0
23710,23711,171571164,14.4,5.333333333333334
23718,23719,171571167#1,2.0,0.0
23720,23721,171571167#2,3.8,0.5
23722,23723,171571169,37.0,16.52173913043478
23724,23725,171571172#2,27.200000000000003,12.125
23728,23729,171786502#1,17.0,0.0
23734,23735,172368742,24.0,5.354288899077781
23736,23737,172368742.256,3.0,0.2777129586416873
23738,23739,172488482#0,6.0,0.0
23740,23741,172488483#1,6.0,0.33333333333333326
23744,23745,172493318#1,9.0,0.0
23750,23751,172493322,10.8,4.333333333333333
23754,23755,172497282#0,4.0,12.52173913043478
23756,23757,172497282#1,2.0,0.08333333333333333
23758,23759,172497282#2,16.6,2.0
23760,23761,172497282#3,3.0,0.0
23762,23763,172497282#4,12.4,3.3333333333333335
23764,23765,172497282#5,13.0,0.0
23766,23767,172497283,10.0,1.2777777777777777
23768,23769,172497285,2.0,0.0
23770,23771,172497289,15.0,6.8
23772,23773,172497291#0,4.0,0.0
23774,23775,172497291#1,6.800000000000001,3.5714285714285716
23776,23777,172497293#0,13.0,2.0545454545454542
23778,23779,172497293#1,12.0,1.8666666666666665
23780,23781,172497293#2,8.6,4.333333333333334
23782,23783,172497295#0,2.2,0.7666666666666667
23784,23785,172497295#1,6.6,1.0
23786,23787,172499291#0,3.4000000000000004,5.527777777777777
23788,23789,172499291#1,12.0,0.0
23792,23793,172503791,10.0,0.0
23796,23797,172515808,17.0,2.477879962561718
23798,23799,172515811,90.0,1708.038187609033
23800,23801,172516631#1,7.0,0.0
23802,23803,172517196,7.0,1.5347203579418347
23812,23813,172522281#1,4.4,18.86263736263736
23814,23815,172522281#2,11.2,1.7999999999999998
23816,23817,172522281#3,13.0,2.2666666666666666
23818,23819,172523713,11.4,4.5
23820,23821,172523714#0,1.0,0.0
23822,23823,172523714#1,17.8,0.5
23832,23833,172699112#0,4.4,0.19444444444444445
23834,23835,172699112#1,7.8,0.5
23836,23837,172699112#2,20.2,1.7999999999999992
23838,23839,172700927#1,7.0,0.8411413698977976
23846,23847,173148224,4.6,0.33333333333333326
23852,23853,173151868,3.6000000000000005,0.5535714285714285
23856,23857,173151871#1,2.6,1.0
23858,23859,173151871#2,5.6,2.333333333333333
23860,23861,173151871#3,10.0,0.0
23862,23863,173151871#4,7.6,0.33333333333333326
23866,23867,173152763#0,9.4,0.6666666666666666
23868,23869,173152763#1,22.2,8.0
23870,23871,173152763#2,10.0,20.000000000000004
23872,23873,173152763#3,7.4,4.5
23874,23875,173152765#1,4.0,0.24264705882352944
23876,23877,173152765#2,3.4000000000000004,0.19444444444444445
23878,23879,173152765#3,16.4,4.5
23880,23881,173152768#1,5.0,1.1241830065359477
23882,23883,173152768#2,102.0,0.0
23884,23885,173152768#3,11.0,0.0
23886,23887,173152768#4,14.0,0.0
23888,23889,173152776#0,6.0,1.0
23890,23891,173152776#1,22.2,9.333333333333334
23892,23893,173152776#2,13.4,4.5
23894,23895,173166289#0,38.0,0.0
23896,23897,173166289#1,18.0,0.0
23898,23899,173166289#2,4.0,0.0
23902,23903,173166291#1,22.6,1.0
23904,23905,173166291#2,34.2,1.299999999999999
23906,23907,173166313,7.0,3.904761904761905
23908,23909,173166315,3.0,3.4512077294685994
23910,23911,173166317,4.200000000000001,1.3571428571428572
23912,23913,173166320,3.0,0.19999999999999998
23914,23915,173166321#0,6.0,1.1142857142857143
23916,23917,173166321#1,4.0,0.7402298850574712
23918,23919,173166321#2,6.0,0.8705882352941177
23920,23921,173166321#3,3.0,5.357142857142857
23922,23923,173166321#4,4.0,1.8392857142857142
23924,23925,173166321#5,3.6000000000000014,1.3280632411067192
23926,23927,173166321#6,59.0,50.37777777777776
23928,23929,173166321#7,50.0,29.866666666666674
23930,23931,173167521#0,10.0,0.0
23932,23933,173167521#1,12.4,4.5
23936,23937,173167522#1,11.6,0.3333333333333335
23938,23939,173167522#2,20.2,6.933333333333325
23940,23941,173167523,44.2,19.0
23942,23943,173167525#0,4.0,0.0
23944,23945,173167525#1,11.4,5.666666666666667
23946,23947,173167526#0,8.6,2.0
23950,23951,173167527#0,6.0,0.0
23952,23953,173167527#1,19.0,8.85714285714286
23954,23955,173169611#1,10.8,18.242424242424235
23956,23957,173169611#2,11.0,1.5641025641025632
23958,23959,173169611#3,4.0,0.07692307692307694
23960,23961,173169611#4,14.0,1.064102564102564
23962,23963,173169611#5,3.4000000000000004,0.4999999999999999
23964,23965,173169612,5.0,0.33333333333333326
23968,23969,173177776#1,1.0,0.0
23978,23979,173177790#0,12.0,0.0
23980,23981,173177790#1,12.4,3.6999999999999993
23982,23983,173177790#2,21.200000000000003,6.25
23984,23985,173177791#0,2.0,0.0
23988,23989,173177791#2,1.0,0.0
23992,23993,173177794#0,2.0,0.0
23994,23995,173177794#2,8.600000000000001,34.785714285714285
23996,23997,173178641,10.4,4.5
23998,23999,173180357#0,1.0,0.0
24002,24003,173180357#2,10.8,0.5
24004,24005,173180358,10.0,0.0
24006,24007,173180359,20.2,40.5
24010,24011,173180361#0,1.0,0.0
24012,24013,173180361#1,2.0,0.0
24014,24015,173180361#2,21.0,0.0
24016,24017,173180362#0,3.0,0.0
24018,24019,173180362#1,18.6,2.0
24020,24021,173180362#2,2.8,0.5
24022,24023,173180362#3,24.2,4.299999999999999
24024,24025,173180363#0,4.0,1.0
24026,24027,173180363#1,15.0,1.2
24028,24029,173180364#0,25.2,6.333333333333336
24030,24031,173180364#1,40.0,0.0
24032,24033,173182788,4.0,0.4761904761904761
24034,24035,173182789,17.0,1.333333333333334
24036,24037,173182790,4.0,0.0
24038,24039,173182791,2.0,0.0
24040,24041,173182792#0,2.8000000000000007,0.6666666666666666
24042,24043,173182792#1,2.0,0.0
24046,24047,173182794#0,2.0,0.49090909090909074
24048,24049,173182794#1,13.0,10.333333333333334
24050,24051,173182795#1,16.4,0.6666666666666666
24052,24053,173182795#2,4.0,0.6666666666666667
24058,24059,173182797#2,11.8,0.5
24062,24063,173182798#1,3.0,0.0
24064,24065,173182798#2,3.0,1.3333333333333333
24066,24067,173182798#3,4.0,0.0
24068,24069,173184401#1,3.0,0.0
24076,24077,173184404#1,1.0,0.0
24078,24079,173184404#2,6.0,0.0
24080,24081,173185107,1.0,0.0
24082,24083,173185112#0,11.6,2.0
24084,24085,173185112#1,9.4,4.5
24086,24087,173186697,20.0,0.0
24088,24089,173201776,4.0,0.0
24090,24091,173201777#0,17.4,4.055555555555552
24092,24093,173201777#1,13.2,7.655555555555556
24094,24095,173201780#1,21.600000000000016,508.2777777777777
24096,24097,173201784#0,13.0,1.8392857142857137
24098,24099,173201784#1,4.0,0.30000000000000004
24100,24101,173201784#2,3.0,0.25000000000000006
24102,24103,173203413#0,6.2,2.333333333333333
24104,24105,173203413#1,2.6,0.33333333333333337
24106,24107,173203413#2,3.0,0.0
24108,24109,173203413#3,1.0,0.0
24110,24111,173203413#4,4.8,0.5
24112,24113,173203413#5,5.8,0.5
24114,24115,173203413#6,3.8,0.5
24120,24121,173203431,2.8,0.5
24128,24129,173658909,19.8,6.333333333333331
24130,24131,174321447,3.0,0.41521714340850646
24132,24133,174324279#0,14.0,3.7666666666666666
24134,24135,174324279#1,10.0,0.0
24140,24141,174533456,23.0,1.1303193566018563
24142,24143,174597970#0,2.6000000000000014,0.30769230769230765
24144,24145,174597970#1,10.0,0.9102564102564101
24146,24147,174597970#2,8.8,0.5
24148,24149,174597970#3,9.0,0.26785714285714274
24150,24151,174597970#4,3.0,0.0
24152,24153,174597970#5,7.0,0.0
24154,24155,174597970#6,5.2,1.3333333333333335
24156,24157,174597970#7,20.0,4.2666666666666675
24158,24159,174609517#0,6.0,0.47324331771837985
24160,24161,174609517#1,1.0,0.250151556902728
24162,24163,174609517#3,1.0,0.5409849311194603
24164,24165,174609517#4,4.0,0.4189795176342263
24166,24167,174609519,6.2,0.8000000000000002
24168,24169,174611972#0,14.0,0.0
24174,24175,174645622#2,8.8,0.5
24176,24177,174645622#3,29.6,24.5
24180,24181,174645624#1,39.400000000000006,19.14285714285714
24182,24183,174645625#0,23.200000000000003,8.33333333333333
24186,24187,174645626#1,6.0,0.3523809523809524
24188,24189,174645627#1,16.2,5.822222222222222
24190,24191,174645627#2,1.0,0.125
24192,24193,174645627#3,13.4,6.916666666666665
24194,24195,174645627#4,14.600000000000001,3.6999999999999993
24196,24197,174645627#5,12.8,1.142857142857144
24200,24201,175723854#0,2.0,0.0
24202,24203,175723854#1,10.0,0.0
24206,24207,175726350,15.8,18.0
24208,24209,175761126,6.0,0.7999999999999999
24210,24211,175761127#0,17.0,6.0032403493941935
24212,24213,175761127#1,14.0,1.7400876232201532
24214,24215,175761127#11,6.0,0.5666666666666667
24216,24217,175761127#12,12.2,1.3
24218,24219,175761127#13,13.8,0.5
24220,24221,175761127#2,14.400000000000006,1.809404650192889
24222,24223,175761127#3,3.0,0.4959403905447074
24224,24225,175761127#4,5.0,0.43611111111111106
24226,24227,175761127#5,4.0,1.313613231552162
24228,24229,175761127#6,6.0,0.42916666666666664
24230,24231,175761127#7,6.0,0.2666666666666665
24232,24233,175761127#9,6.0,0.7777777777777777
24234,24235,175761129#0,10.0,18.27539682539683
24236,24237,175761129#1,3.0,0.2419354838709678
24238,24239,175761129#2,19.0,6.001893939393938
24240,24241,175761129#3,16.6,61.06350806451612
24242,24243,175761129#4,52.0,451.53957485300776
24244,24245,175761129#6,10.0,1.103830645161291
24246,24247,175761134#0,77.4,4.5
24248,24249,175761134#1,5.6,1.0
24250,24251,175761134#2,10.0,0.3333333333333335
24252,24253,175761134#3,9.0,1.333333333333333
24254,24255,175761134#4,14.0,0.0
24256,24257,175761134#5,12.0,0.0
24258,24259,175761134#6,29.4,5.333333333333336
24260,24261,175761134#7,36.0,0.0
24262,24263,175761135,9.0,0.0
24264,24265,175761136,12.0,0.0
24266,24267,175761137,16.0,3.8666666666666663
24268,24269,175761138#0,3.6000000000000005,0.7857142857142857
24270,24271,175761138#1,4.0,0.5714285714285714
24272,24273,175761138#2,4.0,0.4761904761904762
24274,24275,175761138#3,4.0,0.3
24276,24277,175761138#4,3.0,0.3
24278,24279,175761138#5,11.6,0.3333333333333335
24280,24281,175761139#0,2.8000000000000007,0.8095238095238096
24282,24283,175761139#1,4.6,0.33333333333333326
24284,24285,175761142#0,1.0,0.0
24286,24287,175761142#1,4.0,0.4853801169590643
24288,24289,175761142#2,12.0,20.147058823529417
24290,24291,175761142#3,4.0,1.3789473684210527
24294,24295,175770990,16.0,0.0
24296,24297,175770991,17.0,0.0
24298,24299,176023654,23.0,0.0
24304,24305,176023661,167.20000000000002,248.66666666666666
24310,24311,176364757,8.4,4.5
24324,24325,176364764#0,1.0,0.0
24326,24327,176364764#2,4.0,0.9444444444444444
24328,24329,176364765#0,4.0,1.8999999999999997
24330,24331,176364765#1,2.0,0.0
24334,24335,176364765#3,13.400000000000002,14.333333333333336
24336,24337,176550249#0,7.0,0.6567950384573717
24338,24339,176550249#1,3.0,0.2506770664066729
24340,24341,176550249#2,16.0,9.045911431651826
24342,24343,176550249#3,8.0,15.762910500540436
24344,24345,176550249#4,13.0,2.0113372307156583
24346,24347,176550249#5,23.0,16.485698754132354
24348,24349,176550249#6,50.0,190.44475426534268
24350,24351,176550257,24.0,0.0
24354,24355,178402482,10.2,8.0
24356,24357,178402484,14.0,0.0
24358,24359,179330003,1.4000000000000004,0.25
24360,24361,179332240,4.600000000000001,0.4084967320261437
24362,24363,179332241,4.0,0.5840455840455842
24364,24365,179332242,5.0,0.7649769585253453
24366,24367,179332243,4.0,0.5277777777777777
24370,24371,181221350#0,6.6,1.0
24372,24373,181221350#1,3.0,0.0
24374,24375,181223451#0,40.8,15.272727272727268
24376,24377,181223451#1,60.0,56.56666666666666
24378,24379,182424335,13.0,1.333333333333334
24380,24381,182753513#0,4.0,0.3650262780697562
24382,24383,182753513#1,3.0,0.23684210526315785
24386,24387,182753515#0,28.400000000000006,163.61034482758615
24388,24389,182929773,7.0,0.2908496732026144
24390,24391,183036524#1,15.0,0.3333333333333335
24392,24393,183036524#2,3.8000000000000007,1.5833333333333337
24394,24395,183036526#0,4.0,1.4743589743589742
24396,24397,183036526#0.13,2.0,0.3076923076923076
24398,24399,18333332#0,2.0,0.22848370335380258
24406,24407,18809238#0,3.0,0.29081467056150617
24408,24409,18809672#1,10.400000000000002,29.85263157894737
24410,24411,18809672#2,8.0,0.8526315789473682
24412,24413,18809672#3,2.0,0.344736842105263
24414,24415,18809672#5,4.4,0.5934065934065931
24416,24417,18809672#7,11.0,1.8000000000000012
24418,24419,18809672#8,7.0,1.6964285714285714
24420,24421,18809673#1,28.0,6.283887468030692
24422,24423,18809673#10,3.0,0.2652542372881357
24424,24425,18809673#11,1.0,0.1956284153005465
24426,24427,18809673#12,1.0,0.09562841530054646
24428,24429,18809673#13,6.0,0.5242548217416716
24430,24431,18809673#14,3.0,0.25490196078431343
24432,24433,18809673#15,17.0,2.2384313725490164
24434,24435,18809673#16,3.0,0.2635294117647059
24436,24437,18809673#3,6.0,0.4974424552429669
24438,24439,18809673#4,4.0,0.688737422914638
24440,24441,18809673#5,2.0,0.31645569620253167
24442,24443,18809673#6,2.0,0.2804284323271664
24444,24445,18809673#7,4.0,0.5300993571011103
24446,24447,18809673#8,2.0,0.10227936879018114
24448,24449,18809673#9,3.0,0.24971751412429377
24450,24451,18813598#1,8.0,2.098948783767265
24452,24453,18813598#2,8.0,0.839098704615946
24454,24455,18813598#3,3.0,0.26777900012223416
24456,24457,18813598#4,3.0,0.2684268426842686
24458,24459,18813598#5,3.0,0.2263415230411929
24460,24461,18813598#6,5.0,0.4236279183473901
24462,24463,18813598#7,12.0,1.7488937782667144
24464,24465,18813598#8,15.0,2.5213160615459462
24466,24467,18813598#9,14.0,3.5433014200347004
24472,24473,188625813#0,1.0,0.0
24474,24475,188625813#1,12.0,0.0
24476,24477,188627193#0,3.0,0.0
24478,24479,188627193#1,19.4,4.5
24480,24481,188627193#2,11.8,3.0
24482,24483,188722978#0,23.4,1.6666666666666667
24484,24485,188722978#1,22.0,0.0
24488,24489,188740075#2,13.8,0.5
24492,24493,188740075#4,3.0,0.0
24496,24497,188740076,3.0,0.6666666666666667
24498,24499,188740078#0,3.0,0.16666666666666669
24504,24505,188740081#0,3.4000000000000004,0.9166666666666666
24506,24507,188740084#1,8.0,0.3333333333333335
24512,24513,18909061#1,9.0,0.49350649350649356
24514,24515,18909063#1,4.0,0.0
24516,24517,18909063#2,3.0,1.5
24518,24519,189226234,7.8,0.5
24522,24523,189226235#1,4.0,0.0
24524,24525,189226235#2,6.0,0.0
24528,24529,189581966#1,9.2,8.0
24530,24531,190281933,3.0,0.44602359117171586
24532,24533,190281935#1,13.0,2.9160839160839167
24534,24535,190281937#1,3.0,0.2977883584796765
24536,24537,190641749,5.0,0.1846153846153845
24540,24541,192768905,18.8,49.81617647058823
24542,24543,192768907#0,5.0,16.315159574468094
24544,24545,192768907#1,2.0,0.2695035460992908
24546,24547,192768909#1,5.0,0.41866428145497947
24548,24549,192768914,14.0,3.179726498107776
24550,24551,192768918#1,14.0,6.9523809523809526
24552,24553,192768918#2,16.8,11.410714285714286
24554,24555,192768918#3,6.0,0.8571428571428573
24556,24557,192768918#4,10.8,2.454545454545456
24558,24559,192768918#5,3.0,0.6287878787878788
24560,24561,192768919#1,4.0,0.8421980605348218
24562,24563,192768919#2,4.0,0.6350279165442256
24564,24565,192768919#3,3.0,0.40562248995983935
24566,24567,192768919#4,1.0,0.13157894736842105
24568,24569,192768919#5,4.0,0.614260666277031
24570,24571,192768919#6,4.0,1.023947750362845
24572,24573,192768919#7,4.0,3.900580551523947
24574,24575,192768919#8,4.0,7.525157232704404
24576,24577,192768922,20.200000000000003,32.02564102564103
24578,24579,192768923,5.800000000000001,3.2
24580,24581,192768924,1.0,0.0
24584,24585,192768926,12.0,3.9501661129568113
24588,24589,192768933,4.0,0.0
24596,24597,192768976,1.0,0.0
24598,24599,192768978,33.0,13.841022627093741
24600,24601,192768995#1,7.0,0.8461538461538465
24602,24603,192769003#0,2.0,0.21659955257270688
24604,24605,192769003#1,11.0,1.7543176733780759
24606,24607,192769003#2,6.0,0.6543217626012183
24608,24609,192769008,4.0,0.5157232704402516
24612,24613,192769015,4.0,0.6770981507823615
24614,24615,192769021,1.0,0.24242424242424246
24616,24617,192771013,65.6,10.333333333333327
24624,24625,192994888#0,17.4,4.249999999999997
24626,24627,192994888#1,3.0,0.0
24628,24629,192994888#2,12.6,2.3333333333333326
24630,24631,192994888#3,11.2,0.7
24632,24633,192994888#4,10.6,2.3333333333333326
24638,24639,192994895,10.0,0.9732620320855613
24642,24643,192994898,21.2,1.6999999999999997
24644,24645,192994900,27.0,0.0
24646,24647,192994902#0,2.0,0.15809523809523812
24648,24649,192994902#1,5.0,0.28951346244685866
24650,24651,192994902#2,7.0,0.4292237442922375
24656,24657,192994906#1,10.0,0.0
24658,24659,192994906#2,13.0,0.0
24660,24661,192994907#0,1.0,0.24692122463020297
24662,24663,192994907#1,8.0,0.7868548617051605
24664,24665,192994907#2,14.6,2.0
24666,24667,192994907#3,11.0,0.0
24668,24669,192994907#4,3.0,0.0
24670,24671,192994908#0,13.0,0.0
24672,24673,192994908#1,9.600000000000001,0.6964285714285714
24678,24679,193382571,2.0,0.2
24682,24683,193382573#1,5.2,0.2
24684,24685,193384412#0,23.6,8.6437908496732
24686,24687,193384412#1,21.4,32.0
24690,24691,193384418,34.6,17.323529411764714
24692,24693,193385060#0,18.4,5.9555555555555575
24694,24695,193385060#2,13.2,0.7
24696,24697,193386905,2.0,0.0
24710,24711,193806654,31.0,8.329054108216434
24712,24713,193806655#0,39.400000000000006,16.92753623188406
24714,24715,193806655#1,11.2,12.455555555555556
24716,24717,193806656#0,34.0,0.33333333333333215
24718,24719,193838916,13.0,0.0
24720,24721,193838917#0,3.0,1.142857142857143
24722,24723,193838917#1,4.0,0.19999999999999996
24724,24725,193838918#0,2.8,0.5
24726,24727,193838918#1,15.6,2.0
24728,24729,193838918#2,55.0,0.0
24730,24731,194116091,11.8,0.5
24732,24733,194116093,4.0,0.0
24734,24735,194116097,10.0,0.0
24736,24737,194116099,7.0,2.7
24738,24739,194116101,4.4,4.5
24742,24743,194116105,9.0,0.33333333333333304
24744,24745,194116108,11.0,0.3333333333333335
24746,24747,194116110,5.0,0.0
24748,24749,194116112,4.0,0.0
24750,24751,194116114,12.6,2.0
24754,24755,194116118,11.4,0.6666666666666666
24756,24757,194116121#0,10.8,4.916666666666667
24758,24759,194116121#1,1.0,0.0
24760,24761,194116124#0,3.200000000000003,0.79
24762,24763,194116124#1,4.0,1.202614379084967
24764,24765,194116124#2,4.0,0.17777777777777773
24766,24767,194116124#3,3.2,0.6666666666666669
24768,24769,194116124#4,4.2,0.7999999999999999
24770,24771,194116141#1,3.8,0.5
24772,24773,194119645,3.0,0.3333333333333333
24774,24775,194119647,6.0,0.5714285714285715
24776,24777,194119649,18.0,3.2000000000000015
24778,24779,194119651,2.0,0.26785714285714285
24780,24781,194119652,20.4,4.000000000000001
24782,24783,194119654#0,2.0,0.0
24784,24785,194119654#1,5.0,0.0
24786,24787,194119654#2,16.2,1.333333333333333
24790,24791,194134001#0,8.2,2.2
24792,24793,194134001#2,5.0,3.642857142857142
24794,24795,194134004#0,9.8,2.1515151515151514
24796,24797,194134004#1,21.2,98.76666666666668
24798,24799,194377108#0,5.0,0.365612039341154
24800,24801,194377108#0.54,19.0,29.544886582083798
24802,24803,195073412#0,2.0,0.30000000000000004
24804,24805,195073412#1,6.0,3.788888888888889
24806,24807,195073413,7.0,0.8444444444444444
24808,24809,195073415,18.0,3.1382938872807715
24810,24811,195073416,12.0,0.6202898550724637
24812,24813,195073418#0,3.0,0.15921325051759833
24814,24815,195073418#1,7.0,0.31656314699792953
24816,24817,195073423,12.600000000000009,80.95885982956216
24818,24819,195966643#0,1.0,0.0
24820,24821,195966643#1,2.0,0.23333333333333328
24822,24823,195966645#1,2.0,0.30000000000000004
24824,24825,195966645#3,6.0,1.1111111111111116
24826,24827,195966645#4,8.600000000000001,4.7857142857142865
24830,24831,195966646#1,2.8000000000000007,0.904761904761905
24832,24833,195966646#2,2.0,0.0
24836,24837,195966647#1,3.4000000000000004,2.027777777777778
24838,24839,195966647#2,6.0,1.0904761904761906
24840,24841,195966647#3,2.0,1.2857142857142858
24844,24845,195966648#2,3.0,0.35999999999999993
24846,24847,195966649#0,15.0,2.57823613086771
24848,24849,195966649#1,11.0,1.0242914979757094
24850,24851,195966649#2,19.0,5.297115384615386
24852,24853,195977239,10.0,0.0
24854,24855,195982603,19.0,0.0
24858,24859,196172701,34.800000000000004,24.064102564102566
24860,24861,196172702#0,39.400000000000006,981.0126436781609
24862,24863,196172703,7.0,1.1999999999999997
24864,24865,196172704#1,10.0,69.45659603554338
24866,24867,196176498#1,12.0,0.0
24868,24869,196873454,3.400000000000002,20.300944669365727
24872,24873,198836595,11.8,0.5
24874,24875,198836596,7.8,0.5
24878,24879,198836601,6.0,0.23809523809523803
24880,24881,198836602,5.0,0.0
24882,24883,198836603,8.0,2.966666666666667
24884,24885,198836604,142.60000000000002,11656.7
24886,24887,198836605,8.0,0.0
24888,24889,198836606,4.0,0.34601449275362317
24890,24891,198836608,13.4,3.818713450292398
24892,24893,198836609#1,8.4,0.9166666666666666
24900,24901,198836613#0,13.4,4.5
24902,24903,198836613#1,21.4,4.5
24904,24905,198836614#1,5.0,3.5535714285714284
24906,24907,198836614#2,4.0,0.3
24908,24909,198836614#3,218.0,16437.9
24910,24911,198836615#1,3.0,0.5
24912,24913,198836615#2,13.0,0.0
24914,24915,198836615#3,14.6,2.0
24916,24917,199227645#0,3.0,0.7
24918,24919,199227645#1,5.0,0.0
24920,24921,199227645#2,1.8,0.5
24922,24923,199797244,1.6,0.3333333333333333
24924,24925,199797251#0,7.0,0.0
24926,24927,199797251#1,1.0,0.0
24928,24929,200658487#0,2.0,0.0
24930,24931,200658487#1,4.6,1.0
24932,24933,200658487#2,3.8,0.5
24944,24945,200741048,3.0,75.00374337490875
24956,24957,200741145#6,2.0,0.0
24960,24961,200741145#8,2.8,0.5
24962,24963,200741145#9,3.6,0.33333333333333337
24964,24965,200741155,5.0,0.3003192784964285
24966,24967,200741156,8.600000000000001,4.204545454545454
24968,24969,200741157,5.8,0.5
24970,24971,200741159,13.8,6.333333333333334
24972,24973,200741161,4.0,0.0
24976,24977,200741168#0,1.0,0.0
24978,24979,200741168#1,7.0,0.0
24982,24983,200741170#1,6.0,0.6666666666666669
24990,24991,200741177#1,2.0,0.0
24994,24995,200741178,10.0,6.666666666666669
24996,24997,200741179#0,9.0,0.0
25002,25003,200741181,49.4,24.694444444444443
25004,25005,200741183#1,3.0,0.6666666666666666
25006,25007,200741183#2,3.6,0.33333333333333326
25008,25009,200741183#3,4.4,3.0
25010,25011,200741183#4,3.4000000000000004,1.5833333333333333
25014,25015,200741188,2.0,0.17777777777777778
25020,25021,200742227#10,4.0,0.4291666666666666
25022,25023,200742227#11,1.0,0.26249999999999996
25024,25025,200742227#12,4.0,0.36764705882352944
25026,25027,200742227#13,4.0,0.3161764705882352
25028,25029,200742227#14,5.0,0.47058823529411753
25030,25031,200742227#15,7.0,0.8666666666666667
25032,25033,200742227#16,3.0,0.21978021978021978
25034,25035,200742227#17,1.0,0.1813186813186813
25036,25037,200742227#18,2.0,0.21978021978021975
25038,25039,200742227#2,5.0,0.0
25040,25041,200742227#28,13.0,0.0
25042,25043,200742227#29,2.0,0.0
25044,25045,200742227#3,2.8000000000000007,1.5833333333333333
25046,25047,200742227#30,4.6,2.333333333333333
25048,25049,200742227#31,4.0,0.0
25050,25051,200742227#32,29.0,7.866666666666665
25052,25053,200742227#4,8.0,1.9780219780219783
25054,25055,200742227#5,2.0,0.07142857142857142
25056,25057,200742227#6,7.0,1.49407114624506
25058,25059,200742227#7,5.0,0.25641025641025644
25060,25061,200742227#8,10.0,1.769230769230769
25062,25063,200742227#9,4.0,0.6625
25064,25065,200743816#0,11.0,0.0
25066,25067,200743816#1,1.0,0.0
25068,25069,200743816#2,2.0,0.0
25076,25077,200743816#6,1.8,0.5
25080,25081,200743817#0,5.0,0.0
25082,25083,200743817#1,4.0,0.0
25084,25085,200743817#2,4.0,0.0
25086,25087,200743817#3,4.0,0.0
25098,25099,200743818#0,7.6,0.33333333333333326
25104,25105,200743818#3,1.0,0.0
25108,25109,200743818#5,3.0,0.20000000000000004
25110,25111,200743818#6,3.0,0.3333333333333333
25112,25113,200743818#7,3.0,0.48888888888888865
25114,25115,200743818#8,3.8000000000000007,0.3602941176470588
25116,25117,200743818#9,4.0,0.26666666666666666
25118,25119,200743819,3.0,0.0
25120,25121,200743820,3.0,0.0
25124,25125,200743822,5.0,0.0
25126,25127,200743823,18.0,0.0
25128,25129,200743824,16.0,1.333333333333334
25132,25133,200743826,18.2,1.333333333333334
25140,25141,200743831,3.0,0.0
25146,25147,200743834,12.0,12.0
25148,25149,200743835,6.6,2.0
25154,25155,200743838,16.0,0.0
25156,25157,200743839#0,19.0,8.333333333333336
25160,25161,200743840,36.00000000000001,156.125
25162,25163,200743841#0,7.0,0.33333333333333326
25164,25165,200743841#1,3.0,0.5535714285714285
25166,25167,200743841#2,4.0,3.4444444444444446
25168,25169,200743843#0,1.4000000000000004,0.25
25170,25171,200743843#1,4.0,0.33333333333333326
25172,25173,200743843#2,30.0,0.0
25174,25175,200743844#0,4.0,0.4
25176,25177,200743844#1,33.400000000000006,18.267857142857142
25178,25179,200908887,9.0,1.4186046511627908
25180,25181,200908888#1,34.2,264.5272727272727
25182,25183,200908901#0,1.0,0.0
25184,25185,200908901#1,9.0,0.0
25188,25189,200908907,8.6,1.0
25196,25197,200908916#0,2.0,0.0
25198,25199,200908916#1,1.0,0.0
25200,25201,200908916#2,9.0,3.583333333333334
25202,25203,200908916#3,4.0,0.9166666666666669
25204,25205,200908916#4,3.0000000000000018,19.999999999999996
25206,25207,200908917,24.0,0.0
25208,25209,200912350#0,8.400000000000004,32.33333333333333
25210,25211,200927707,4.0,0.0
25212,25213,200949176#0,5.0,0.8820521353300046
25214,25215,200949406,4.6000000000000005,1.7999999999999998
25222,25223,200949414#1,13.600000000000001,4.916666666666667
25226,25227,200949419,14.600000000000001,1.4285714285714282
25230,25231,200949421#1,6.0,0.0
25236,25237,200949428#1,12.4,1.2499999999999993
25238,25239,200949433,2.0,0.0
25240,25241,200978113#1,4.0,9.772809873551903
25242,25243,201078447#0,14.0,2.6045751633986916
25244,25245,201078447#2,9.0,1.0769230769230769
25246,25247,201078448#0,5.6,0.33333333333333326
25248,25249,201078448#1,3.0,0.0
25250,25251,201078448#2,3.2,0.6222222222222223
25252,25253,201078448#3,250.00000000000023,50002.28571428572
25254,25255,201089420#0,3.0,0.26811090515909797
25256,25257,201089420#1,4.0,4.273951444877254
25258,25259,201089423#1,10.0,1.828844120843941
25260,25261,201089423#2,5.0,0.5050025875452824
25262,25263,201143839,2.0,0.0
25264,25265,201143840,2.0,0.26785714285714285
25270,25271,201201935#1,5.200000000000001,1.418421052631579
25272,25273,201201935#2,4.0,0.3789473684210527
25274,25275,201201935#3,3.0,0.23947368421052637
25276,25277,201201935#4,4.0,0.40789473684210525
25278,25279,201201935#5,3.0,0.27368421052631575
25280,25281,201201935#6,6.0,0.6210526315789476
25282,25283,201201935#7,7.0,0.6947368421052635
25284,25285,201201936#0,2.0,0.2520884520884521
25286,25287,201201936#10,4.0,0.28422425032594517
25288,25289,201201936#11,5.0,0.5353080864891889
25290,25291,201201936#12,3.0,0.28346456692913374
25292,25293,201201936#2,4.0,0.07141687141687152
25294,25295,201201936#3,4.0,0.31760851760851755
25296,25297,201201936#4,3.0,0.2674856674856676
25298,25299,201201936#5,3.0,0.2861588861588862
25300,25301,201201936#6,1.0,0.17100737100737104
25302,25303,201201936#7,3.0,0.2493038493038493
25304,25305,201201936#8,3.0,0.24635544635544643
25306,25307,201201936#9,3.6000000000000085,0.608141387802405
25308,25309,201201938#0,6.0,2.230525030525031
25310,25311,201201938#1,6.0,0.5413919413919415
25312,25313,201201938#3,2.0,0.265914300828778
25314,25315,201201938#4,5.0,0.45858041329739435
25316,25317,201201939#1,3.0,0.34293606945540644
25318,25319,201201940#0,13.0,1.7977332170880576
25320,25321,201201940#3,12.0,1.8969849246231167
25322,25323,201201945#1,16.0,418.85879216080576
25324,25325,201201945#10,2.0,0.19688195583913404
25326,25327,201201945#11,10.0,1.1203993565820467
25328,25329,201201945#2,1.0,0.1957740737385632
25330,25331,201201945#3,11.0,3.3586828517075813
25332,25333,201201945#4,3.0,0.3024062432256665
25334,25335,201201945#5,3.0,0.276596525008023
25336,25337,201201945#7,6.0,1.1779917821116945
25338,25339,201201945#8,12.0,15.167643148581107
25340,25341,201201945#9,2.0,0.5853894466602483
25342,25343,201201947,3.0,0.2540322580645162
25344,25345,201201948,3.0,0.19999999999999998
25346,25347,201201949#0,1.0,0.22177419354838707
25348,25349,201201949#1,3.0,0.31350806451612895
25350,25351,201201950#1,13.0,31.309437270678245
25352,25353,201201950#2,9.0,1.4300381828045234
25354,25355,201201950#3,2.0,0.2549168272555277
25356,25357,201201950#4,11.0,1.4495505266963624
25358,25359,201201950#5,6.0,9.432327746741155
25360,25361,201201953#1,11.0,231.00706532869134
25362,25363,201201953#10,11.0,1.688121272365804
25364,25365,201201953#11,14.0,2.181801889866405
25366,25367,201201953#12,27.0,206.175207013309
25368,25369,201201953#2,23.0,31.834796774906163
25370,25371,201201953#4,4.0,0.17597726319713
25372,25373,201201953#5,3.0,0.2833403221047073
25374,25375,201201953#6,7.0,0.7275311000326145
25376,25377,201201953#7,8.0,0.8224696764975379
25378,25379,201201953#8,11.0,15.164562269952935
25380,25381,201202386#0,4.2,0.5
25382,25383,201202386#1,9.2,1.7000000000000006
25384,25385,201234440,3.0,0.3
25386,25387,201238718#0,18.400000000000006,603.9688760225835
25388,25389,201238718#1,4.0,79.87063629301049
25390,25391,201238718#1.33,39.0,849.987569856903
25392,25393,201238719#1,22.0,37.032766555318204
25394,25395,201238724#0,18.6,2.0000000000000018
25396,25397,201238724#1,41.0,10340.892105263158
25398,25399,201238725#1,15.0,5.687324102217715
25400,25401,201238725#2,4.0,0.3620961386918832
25402,25403,201238725#3,8.0,1.2222361861673159
25404,25405,201238725#4,1.0,0.16430053964300537
25406,25407,201238725#5,7.0,0.4282897467828975
25408,25409,201238726#0,9.0,53.774835870427786
25410,25411,201238726#1,62.0,608.0842793257655
25412,25413,201238730,8.0,3.5372623496912583
25414,25415,201243223,21.6,4.696428571428574
25416,25417,201243226#1,5.0,1.2922739275059145
25418,25419,201243226#2,7.0,0.7768672199170119
25420,25421,201243230#1,7.0,1.4673867777199368
25422,25423,201278209#0,3.0,0.26470588235294124
25424,25425,201278209#2,5.0,0.30000000000000004
25426,25427,201278210#0,4.0,0.3691228070175438
25428,25429,201278210#1,5.0,0.4855566374553716
25430,25431,201278210#10,11.0,29.329232630835925
25432,25433,201278210#2,9.0,0.9410493827160492
25434,25435,201278210#3,4.0,0.27808641975308634
25436,25437,201278210#4,7.0,0.6179012345679011
25438,25439,201278210#5,17.0,3.0456790123456794
25440,25441,201278210#6,7.0,0.819203268641471
25442,25443,201278210#7,8.0,0.8817671092951986
25444,25445,201278210#8,5.0,0.42754865382676205
25446,25447,201278210#9,1.0,0.11767671674901668
25448,25449,201278214#0,16.0,57.27886817370781
25450,25451,201278218#0,3.0,200.60353842638585
25452,25453,201278218#0.62,92.0,2529.14602663707
25454,25455,201286890#0,22.8,2.285714285714286
25456,25457,201286890#1,4.0,0.12499999999999996
25458,25459,201286890#10,11.200000000000003,1.090909090909091
25460,25461,201286890#11,4.800000000000004,5.602220166512489
25462,25463,201286890#12,2.0,1.7707070707070711
25464,25465,201286890#3,16.0,2.9525691699604732
25466,25467,201286890#4,13.0,1.3162055335968381
25468,25469,201286890#5,19.0,4.272727272727273
25470,25471,201286890#6,11.600000000000001,1.438735177865613
25472,25473,201286890#7,14.600000000000001,2.173913043478261
25474,25475,201286890#8,9.0,1.1884057971014497
25476,25477,201286890#9,12.0,1.6456456456456454
25478,25479,201286892#0,2.0,0.21818181818181812
25480,25481,201286892#1,16.0,1.8909090909090913
25482,25483,201400751#0,26.0,8.14833421470122
25484,25485,201400755#0,2.6000000000000014,0.34562211981566826
25486,25487,201400755#1,3.0,1.4398361495135692
25488,25489,201400755#2,2.0,0.09267793138760881
25490,25491,201400763#0,11.6,2.333333333333334
25500,25501,201414945#0,3.0,0.23399014778325133
25502,25503,201414945#1,5.0,0.32266009852216765
25504,25505,201414945#2,6.0,0.3743386243386244
25506,25507,201444272#0,3.0,0.2289892632358386
25508,25509,201444272#1,6.0,1.038954402515723
25510,25511,201444272#2,6.0,0.5555510763524949
25512,25513,201444272#3,6.0,0.6722766884531594
25514,25515,201775635,18.8,0.5
25516,25517,201775636,14.4,4.500000000000001
25520,25521,201775638#1,3.0,0.6964285714285714
25522,25523,201775639#0,4.8,0.5
25524,25525,201775639#1,5.0,0.0
25530,25531,201775641#0,8.0,9.866666666666665
25532,25533,201775641#1,6.0,0.3333333333333333
25534,25535,201775642#1,8.0,0.3567251461988304
25538,25539,201775644#1,15.0,0.0
25540,25541,201775645#1,1.0,0.0
25542,25543,201777413,6.0,0.0
25544,25545,201777415#0,4.0,0.33733766233766227
25546,25547,201777415#1,6.0,0.2932469935245143
25548,25549,201777415#2,3.0,0.12250453720508163
25550,25551,201777415#3,1.8000000000000043,0.16917293233082706
25552,25553,201789794#1,4.0,6.812273461927078
25554,25555,201789794#2,4.0,7.819947336169407
25556,25557,201789794#3,5.0,0.7177991543340366
25558,25559,201789795#0,7.0,15.632923217133747
25560,25561,201789796,106.0,2054.99073475544
25562,25563,201789797#0,16.0,7.976666666666666
25564,25565,201789797#1,10.0,1.1815384615384616
25566,25567,201789798#0,2.0,0.2982913759983825
25568,25569,201789798#1,3.0,1.2843043487108523
25570,25571,201789799#0,3.0,0.3386134852801519
25572,25573,201789799#1,5.0,1.1145510835913301
25574,25575,201789799#2,5.0,0.6171266808209485
25576,25577,201828014#0,1.0,0.10738738738738739
25578,25579,201828014#1,2.0,0.24863067292644758
25580,25581,201828014#2,5.0,0.33313771517996865
25582,25583,201828014#3,9.0,0.7964231354642307
25584,25585,201828014#4,5.0,0.47485080988917333
25586,25587,201880159#0,8.0,1.0861152361152355
25588,25589,201880159#1,8.0,218.10913180933852
25590,25591,201880159#2,2.0,52.3141762452107
25592,25593,201880159#3,78.20000000000002,1964.8722495023233
25594,25595,201894096#0,3.0,0.23217850851438634
25596,25597,201894096#1,4.0,1.385826771653544
25598,25599,201894096#2,1.0,0.5228523769808173
25600,25601,201894096#3,3.0,0.8753961634695578
25602,25603,201894096#4,9.0,1.922077922077922
25604,25605,201894096#5,4.0,1.0323232323232328
25606,25607,201894096#7,11.399999999999999,1.1686046511627908
25608,25609,201894096#8,13.0,1.8585858585858588
25610,25611,201894099,10.0,0.0
25612,25613,201894100#0,3.6,0.33333333333333337
25616,25617,201894100#2,2.0,0.0
25618,25619,201894102,7.200000000000002,31.2
25620,25621,201926265#0,15.0,2.761083743842364
25622,25623,201926265#1,3.0,0.19852611102798146
25624,25625,201926265#2,7.0,1.009757921936625
25626,25627,201926265#4,9.0,2.3636363636363638
25628,25629,201926265#5,7.600000000000001,1.1535947712418304
25630,25631,201926265#6,1.6000000000000014,0.47058823529411775
25632,25633,201926267#1,10.0,1.591266686541456
25634,25635,201926267#3,2.0,0.2371973235284377
25636,25637,201926268#1,8.0,1.2911114309876388
25638,25639,201926269#0,2.0,0.15915697674418605
25640,25641,201926269#2,59.0,373.89125145456467
25646,25647,201931241#0,30.8,6.333333333333331
25654,25655,201933877#0,3.0,0.26134453781512607
25656,25657,201933877#1,5.0,0.501204456489009
25658,25659,201933877#2,4.0,0.5243827160493827
25660,25661,201933877#3,2.0,0.07459459459459461
25662,25663,201933878#0,4.0,1.8409090909090908
25664,25665,201933878#1,3.0,0.5934065934065935
25666,25667,201933878#2,16.0,0.0
25668,25669,201933878#3,8.0,0.1666666666666668
25670,25671,201933879#0,8.0,1.175438596491228
25672,25673,201933879#1,10.0,0.9805194805194805
25674,25675,201933879#2,13.0,1.1868421052631575
25676,25677,201933879#3,5.0,0.6936572199730096
25678,25679,201933879#4,7.0,0.5153508771929821
25680,25681,201933879#5,7.0,1.881022512097623
25682,25683,201933879#6,4.0,0.31354359925788494
25684,25685,201933880#0,7.0,1.319976771196283
25686,25687,201933880#1,5.0,0.457142857142857
25688,25689,201933880#2,6.0,2.3225806451612905
25690,25691,201933880#3,19.8,4.61111111111111
25692,25693,201933881#0,14.0,2.308712121212121
25694,25695,201933881#1,5.0,0.49286987522281633
25696,25697,201933881#2,8.0,1.2078947368421054
25698,25699,201933881#4,10.0,2.3567251461988303
25700,25701,201933881#5,2.0,0.379120879120879
25702,25703,201933881#6,7.0,0.5216450216450215
25704,25705,201933881#7,6.0,0.79004329004329
25706,25707,201950247#0,6.4,1.5833333333333333
25708,25709,201950247#1,10.0,0.19999999999999984
25710,25711,201950247#3,6.0,0.26666666666666655
25712,25713,201950247#4,7.0,0.929166666666667
25714,25715,201950247#5,6.0,0.3958333333333332
25716,25717,201950247#6,4.0,0.2205882352941176
25718,25719,201950247#7,10.0,0.6830065359477135
25720,25721,201950247#9,16.6,10.457516339869287
25722,25723,201950250#0,3.6,2.0
25724,25725,201950250#1,11.0,0.0
25726,25727,201950250#2,12.8,3.285714285714286
25728,25729,201950259#0,8.0,0.3333333333333335
25730,25731,201950259#2,3.6,0.33333333333333337
25732,25733,201950259#3,9.0,0.33333333333333304
25734,25735,201950259#5,8.6,1.0
25736,25737,201950259#6,9.4,1.6666666666666667
25738,25739,201950263#0,2.0,0.22596798712331212
25740,25741,201950263#1,1.0,0.14781364571224176
25742,25743,201950263#10,4.800000000000011,0.4354037062637832
25744,25745,201950263#11,5.0,0.41674571555049633
25746,25747,201950263#12,2.0,0.21395225794404155
25748,25749,201950263#13,4.0,0.32113846441131616
25750,25751,201950263#14,14.0,625.4007811770568
25752,25753,201950263#2,4.0,0.5755834749172853
25754,25755,201950263#3,2.0,0.22627045650301458
25756,25757,201950263#4,3.0,0.30618742407104854
25758,25759,201950263#5,2.0,0.2699066779784267
25760,25761,201950263#6,2.0,0.1838969013856905
25762,25763,201950263#7,3.0,0.2953785644051131
25764,25765,201950263#9,2.0,0.4581415620641563
25766,25767,201953160#0,9.600000000000001,1.1428571428571426
25768,25769,201953160#1,7.800000000000001,1.0
25770,25771,201953160#3,8.8,1.2954545454545459
25772,25773,201953161#0,4.0,0.4824911868390131
25774,25775,201953161#2,6.0,0.4560404807084122
25776,25777,201953161#4,4.0,0.30354548096483586
25778,25779,201953161#5,4.0,0.29343214181923843
25780,25781,201953161#7,10.0,0.8708578143360757
25782,25783,201953161#8,2.0,0.263337250293772
25784,25785,201953163#0,10.0,0.9579698651863598
25786,25787,201953163#2,8.0,0.7339763020115737
25788,25789,201953163#3,6.0,0.5185361518440932
25790,25791,201953163#4,2.0,0.22714432460195172
25792,25793,201956811#1,34.0,160.32697464184477
25802,25803,201956816#0,4.0,0.23987012987012996
25804,25805,201956816#1,1.0,0.2430434198144912
25806,25807,201956816#2,4.0,0.3195614340410719
25808,25809,201956816#3,7.0,0.5890706578489388
25810,25811,201956816#4,2.0,0.16554124608423265
25812,25813,201956816#5,6.0,0.36437838608497275
25814,25815,201956816#6,4.0,0.392934215106161
25816,25817,201956817,17.0,3.251207043453565
25818,25819,201956819#1,10.0,54.292897367047075
25820,25821,201956819#1.66,24.600000000000023,193.1377638547026
25822,25823,201956820,14.0,19.64401437492636
25824,25825,201956821#1,9.600000000000023,40.58636274317151
25826,25827,201956821#1.76,35.0,239.9638662575391
25828,25829,201963522#0,6.4,1.1111111111111112
25830,25831,201963522#1,9.0,1.2888888888888888
25832,25833,201963522#2,9.2,2.0999999999999996
25834,25835,201963522#3,9.0,1.25
25836,25837,201963522#4,7.0,1.0545454545454545
25838,25839,201963522#5,6.0,0.6096866096866098
25840,25841,201963522#6,4.0,0.7216748768472906
25842,25843,201963522#7,3.0,0.4064516129032258
25844,25845,201963522#9,45.0,219.22365591397846
25846,25847,201963533#1,20.0,68.03139436689678
25848,25849,201963533#1.184,66.0,996.5821167730899
25850,25851,201963533#4,6.0,0.7568756875687567
25852,25853,201963533#5,6.0,2.0767719629105748
25854,25855,201963533#6,2.0,0.26506364922206493
25856,25857,201963535,7.0,2.1095793970183907
25858,25859,201963537#1,12.0,14.013024194281348
25860,25861,201963537#1.83,17.800000000000068,57.340036467509805
25862,25863,202070427#0,7.0,0.9654244025839088
25864,25865,202070427#0.19,4.0,1.118198874296434
25866,25867,202070427#1,13.0,2.050067864271459
25868,25869,202070427#2,7.0,0.6871457085828343
25870,25871,202070427#3,8.0,1.7473354181312786
25872,25873,202070429#0,1.0,0.1914700361302302
25874,25875,202070429#1,4.0,3.9398627262705066
25876,25877,202070429#11,24.0,5.332287751028725
25878,25879,202070429#12,10.0,43.695906892195815
25880,25881,202070429#12.80,3.0,58.6536725238076
25882,25883,202070429#13,5.0,88.13819328334264
25884,25885,202070429#2,2.0,14.610512245310197
25886,25887,202070429#4,5.0,51.08935536122373
25888,25889,202070429#5,35.0,398.2468907580287
25890,25891,202070429#8,28.0,117.47026920884024
25892,25893,202070430,12.0,2.8831991484346062
25894,25895,202070431,15.0,18.5955334987593
25896,25897,202070434#0,13.0,2323.298637435514
25898,25899,202070434#1,2.0,0.6014912151188552
25900,25901,202070434#2,4.0,0.9304591761405576
25902,25903,202070434#2.42,2.0,0.18694155801178092
25904,25905,202070435#1,4.0,7.1253734129947714
25906,25907,202070435#10,3.0,0.2966049382716049
25908,25909,202070435#11,12.0,2.0295091839807284
25910,25911,202070435#12,11.0,2.5316455696202533
25912,25913,202070435#13,5.0,0.5393442622950819
25914,25915,202070435#14,9.0,2.0043715846994545
25916,25917,202070435#2,9.0,0.8895073180787468
25918,25919,202070435#3,2.0,0.20208289501367552
25920,25921,202070435#4,11.0,1.9314692982456139
25922,25923,202070435#5,7.0,1.1613712374581941
25924,25925,202070435#6,2.0,0.2370689655172414
25926,25927,202070435#7,1.0,0.23563218390804597
25928,25929,202070435#8,6.0,0.7574451410658303
25930,25931,202070435#9,4.0,0.2917920656634747
25932,25933,202071401#1,7.0,4.382781456953637
25934,25935,202089409,9.0,1.35883347421809
25936,25937,202089410#0,2.0,0.09090909090909097
25938,25939,202089410#1,1.0,0.09090909090909091
25940,25941,202092675,3.0,0.2526315789473685
25942,25943,202092676#1,78.19999999999999,948.7783179908838
25944,25945,202164592,1.0,0.0
25946,25947,202167797#0,6.0,0.0
25950,25951,202167798,47.8,4.333333333333332
25952,25953,202167799#1,26.6,14.333333333333336
25954,25955,202167799#2,7.0,0.0
25958,25959,202167978,6.0,0.4965986394557822
25962,25963,202587960,54.8,0.5
25964,25965,202588111,24.8,0.5
25966,25967,202588112#0,14.8,1.4761904761904763
25968,25969,202588112#1,13.0,0.0
25972,25973,20266187#0,10.0,0.9666666666666668
25974,25975,20266187#1,10.2,0.6999999999999998
25976,25977,20266187#2,30.8,3.0
25978,25979,20266187#3,13.0,0.0
25980,25981,20266189#0,10.0,1.0875932673954531
25982,25983,20266189#1,15.0,3.847781722145047
25984,25985,20266190#1,19.0,32.86692828562635
25986,25987,20266190#2,14.0,2.6890026610230167
25990,25991,20266194#0,7.0,1.1
25992,25993,20266194#1,9.0,1.2000000000000002
25994,25995,20266194#2,12.0,2.2666666666666666
25996,25997,20266194#3,9.600000000000001,1.3571428571428577
25998,25999,20266194#4,8.0,0.8571428571428571
26000,26001,20266195#0,7.0,0.21428571428571425
26002,26003,20266195#1,5.6000000000000005,0.21428571428571447
26004,26005,20266195#2,4.2,0.5444444444444445
26006,26007,20266195#3,2.0,0.09999999999999999
26008,26009,20266195#4,8.0,0.7636363636363637
26010,26011,20266196#0,10.6,2.0
26016,26017,202857378,4.0,0.25974025974025966
26018,26019,202952227,3.8000000000000003,3.0
26020,26021,202952229,5.0,0.30000000000000016
26024,26025,202952234#1,12.8,14.183823529411763
26026,26027,202952237,4.0,0.33333333333333337
26028,26029,202952239,22.2,13.0
26030,26031,202952240,15.2,2.3
26032,26033,202952242#0,4.2,1.9999999999999998
26034,26035,202952242#1,16.0,0.3333333333333335
26036,26037,202952242#2,6.0,1.5
26040,26041,202956898#1,7.0,0.0
26046,26047,203033961,7.0,1.0000000000000002
26048,26049,203033962#1,22.2,6.6999999999999975
26050,26051,203033964,8.0,0.3333333333333333
26052,26053,203033966,7.0,0.0
26060,26061,203033978,13.8,0.5
26062,26063,203033982#0,5.0,0.20000000000000007
26064,26065,203033982#1,9.0,2.0
26066,26067,203033987#0,13.6,2.0
26068,26069,203033987#1,6.6,0.33333333333333326
26072,26073,203127018,19.0,26.407639284133303
26074,26075,203127020#0,5.0,0.7864222465309401
26076,26077,203127020#1,4.0,0.939438611130428
26078,26079,203127020#2,15.0,2.5429755963578518
26080,26081,203127020#3,13.0,24.511332514849173
26082,26083,203127020#4,17.0,105.5559234820575
26084,26085,203127039,6.600000000000001,0.9743589743589741
26086,26087,203127050,2.0,0.25
26088,26089,203127052,4.4,1.5833333333333333
26090,26091,203127053#0,5.0,1.0
26092,26093,203127053#1,3.0,0.0
26094,26095,203127053#2,7.0,0.24999999999999986
26098,26099,203127058,5.0,0.0
26100,26101,203132183,4.0,0.34920634920634913
26102,26103,203132184#0,4.0,0.8650295069484105
26104,26105,203132184#1,13.0,1.741021160939623
26106,26107,203132184#2,11.0,6.834304584304586
26108,26109,203132184#3,13.0,6.190270270270271
26110,26111,203132184#4,7.0,0.5208333333333334
26112,26113,203132184#5,4.0,0.37165775401069523
26114,26115,203132184#7,15.0,5.313725490196078
26116,26117,203133165#1,2.0,0.25
26122,26123,203139699,6.0,0.0
26124,26125,203139701,6.0,0.0
26126,26127,203139703,9.6,2.0
26128,26129,203139704,9.4,1.6666666666666667
26130,26131,203139705,6.0,0.0
26134,26135,203139709#1,10.6,2.0
26136,26137,203139713#1,12.0,0.0
26138,26139,203139714#1,17.0,2.6666666666666674
26142,26143,20314044#0,15.0,0.0
26144,26145,20314044#1,7.0,0.0
26146,26147,20314044#2,17.4,0.2499999999999997
26148,26149,203227506,30.0,0.0
26150,26151,203227507,70.0,0.0
26156,26157,203253180,7.2,2.333333333333333
26158,26159,203253182,19.0,0.0
26160,26161,203253183,20.6,1.0
26162,26163,203575316,20.8,8.238095238095243
26164,26165,203575340,18.6,10.999999999999998
26166,26167,203621102,3.4000000000000004,0.25
26172,26173,203621191#2,12.0,0.0
26176,26177,203912074,4.0,0.0
26180,26181,203912080#0,7.0,0.0
26184,26185,203912081,10.0,0.25
26186,26187,203925326#1,8.4,0.75
26188,26189,203925327,6.0,0.935897435897436
26190,26191,203925328#1,6.600000000000001,4.916666666666667
26192,26193,203971377#0,11.200000000000003,1.6646464646464656
26194,26195,203971377#1,5.0,0.4191919191919192
26196,26197,203971378#0,8.0,67.63280060882802
26198,26199,203971379,3.0,0.2667493680492088
26200,26201,203971380,4.0,0.3141354581673308
26202,26203,203971381#0,15.599999999999994,162.08273961553968
26204,26205,203976003#0,4.0,0.4235294117647059
26206,26207,203976003#1,12.0,1.7973790322580645
26208,26209,203976003#10,12.0,1.6068840579710142
26210,26211,203976003#11,18.0,3.7971014492753614
26212,26213,203976003#12,21.0,5.101449275362318
26214,26215,203976003#13,5.0,0.4675324675324675
26216,26217,203976003#14,3.0,0.14035087719298245
26218,26219,203976003#2,10.0,1.0927419354838706
26220,26221,203976003#3,6.0,0.5645161290322581
26222,26223,203976003#4,12.0,1.628024193548387
26224,26225,203976003#5,7.0,0.6325757575757576
26226,26227,203976003#6,9.0,0.9659090909090908
26228,26229,203976003#7,17.0,2.999108734402852
26230,26231,203976003#8,13.400000000000002,1.7727272727272716
26232,26233,203976003#9,6.0,0.534453781512605
26236,26237,203984394,9.4,0.25
26238,26239,203986892,4.0,0.857142857142857
26242,26243,203986896,2.0,0.5277777777777778
26244,26245,204005176,9.0,0.0
26248,26249,20405617#0,12.6,7.0
26250,26251,20405617#1,11.0,1.333333333333334
26258,26259,20405618#1,8.6,2.333333333333334
26262,26263,20405620,55.0,0.0
26264,26265,20405621#0,8.8,0.5
26266,26267,20405621#1,11.0,0.0
26268,26269,20405621#2,8.0,0.0
26270,26271,20405621#3,19.0,0.0
26274,26275,20405623#0,13.4,4.5
26276,26277,20405623#2,17.4,12.333333333333336
26278,26279,20405623#3,13.0,0.0
26280,26281,20405623#4,5.0,0.0
26282,26283,20405623#5,4.8,0.5
26284,26285,20405623#6,4.6,2.0
26286,26287,20405623#7,4.0,0.33333333333333326
26288,26289,20405624#0,9.0,0.33333333333333304
26290,26291,20405624#1,11.8,0.5
26292,26293,20405624#10,14.0,25.90476190476191
26294,26295,20405624#2,6.8,0.5
26296,26297,20405624#3,2.8,0.5
26298,26299,20405624#4,5.8,0.5
26300,26301,20405624#5,3.0,0.0
26302,26303,20405624#6,3.0,0.0
26304,26305,20405624#7,5.6,1.0
26306,26307,20405624#8,10.0,0.9166666666666666
26308,26309,20405624#9,11.2,3.5
26310,26311,20405626#0,15.2,6.333333333333334
26312,26313,20405626#1,7.0,0.3333333333333335
26314,26315,20405626#2,9.2,1.2000000000000006
26316,26317,20405626#3,8.0,1.3333333333333335
26318,26319,20405626#4,12.6,2.0
26320,26321,20405627,11.4,0.6666666666666666
26322,26323,20405628#0,22.0,3.730769230769232
26324,26325,20405628#1,11.600000000000001,2.2647058823529407
26326,26327,20405628#2,4.0,0.21241830065359468
26328,26329,20405628#3,22.0,3.4117647058823537
26330,26331,20405628#4,16.0,2.7865612648221347
26332,26333,204095914#0,11.0,1.039965986394558
26334,26335,204095914#1,7.0,1.111394557823129
26336,26337,204095914#2,8.0,3.7916666666666674
26338,26339,204095914#3,4.0,1.4296296296296294
26340,26341,204131033,4.400000000000006,1.6413909986818151
26342,26343,204388143,26.0,125.29202316703969
26344,26345,204388144#0,24.60000000000001,111.67065044183683
26346,26347,204414414,5.0,0.33006535947712434
26350,26351,204588664#0,13.600000000000001,3.089743589743589
26352,26353,204588664#1,12.4,4.277777777777779
26354,26355,204588664#2,12.0,3.2727272727272743
26358,26359,205106791,9.0,0.0
26362,26363,205182378#0,5.0,0.6829577019092155
26364,26365,205182378#1,3.0,0.2875795599199854
26366,26367,205182378#2,13.0,1.688779778141482
26368,26369,205182378#3,7.0,0.9166051660516605
26370,26371,205182378#4,11.0,1.2653183971129993
26372,26373,205182378#5,10.0,1.052434315135912
26374,26375,205182378#6,6.0,0.5686508613337882
26376,26377,205182378#7,5.0,0.3652819679740076
26378,26379,205182378#8,3.0,0.35060717662867646
26380,26381,205182378#9,9.0,50.6084084009356
26382,26383,205802903#0,55.0,43.583333333333336
26384,26385,205802903#1,1.0,0.0
26386,26387,205802904,31.0,16.47105263157895
26390,26391,20588624#0,24.6,0.33333333333333304
26392,26393,20588624#1,11.8,1.5833333333333328
26394,26395,20588624#2,10.0,0.0
26396,26397,20588627,25.0,0.0
26398,26399,20588629#0,23.0,0.0
26400,26401,20588629#1,12.8,3.80952380952381
26402,26403,20588630,48.0,0.0
26406,26407,20588635#1,5.6000000000000005,0.41071428571428575
26408,26409,20588635#2,10.0,1.6944444444444446
26410,26411,20588635#3,25.0,12.20454545454546
26416,26417,20588641#0,13.0,0.5666666666666668
26418,26419,20588641#1,3.0,0.619047619047619
26420,26421,20588641#10,8.2,3.4333333333333327
26422,26423,20588641#2,5.0,0.30000000000000004
26424,26425,20588641#3,4.0,0.8727272727272725
26426,26427,20588641#5,11.0,1.60989010989011
26428,26429,20588641#6,7.0,3.08974358974359
26430,26431,20588641#7,2.0,0.41818181818181815
26432,26433,20588641#8,3.0,0.2857142857142857
26434,26435,20588641#9,8.0,0.48888888888888893
26440,26441,206290972,19.6,9.14285714285714
26442,26443,206406053#0,17.0,0.0
26446,26447,206411593#0,33.0,10.832318146339976
26448,26449,206411593#1,12.0,1.8995194441468601
26450,26451,206411595#0,8.600000000000001,0.9712070874861573
26452,26453,206411595#1,16.0,2.728048780487805
26454,26455,206411597#0,22.600000000000023,4.8212197159565555
26456,26457,206411597#1,19.0,4.135465902761199
26458,26459,206411601#0,2.2,0.20000000000000004
26460,26461,206411601#1,3.0,0.0
26462,26463,206411605#0,4.0,0.4102564102564102
26464,26465,206411605#1,2.0,0.0
26466,26467,206411605#2,10.0,0.9166666666666666
26468,26469,206411605#3,14.0,0.9166666666666666
26470,26471,206411605#4,6.0,0.3333333333333333
26472,26473,206411605#5,4.0,0.0
26474,26475,206411605#6,2.8,0.5
26476,26477,206411605#7,20.8,1.583333333333333
26478,26479,206411608,10.8,1.5833333333333333
26480,26481,206413855,3.0,1.1624999999999999
26482,26483,206413856,3.0,1.1111111111111112
26484,26485,206413857#0,5.0,2.7
26486,26487,206413857#1,11.2,1.7999999999999998
26488,26489,206413858#0,8.4,8.666666666666666
26490,26491,206413858#1,16.0,9.866666666666669
26492,26493,206538518#0,2.0,0.0
26494,26495,206538518#1,11.8,0.5
26500,26501,206567930,10.0,3.066666666666667
26502,26503,206567931,18.0,0.0
26506,26507,206567933,7.2,1.3333333333333335
26508,26509,206567934,7.0,0.0
26512,26513,206567936#0,9.0,1.2058823529411764
26514,26515,206567936#1,3.0,0.12380952380952383
26516,26517,206567936#10,1.0,0.0
26522,26523,206567936#13,22.0,0.0
26524,26525,206567936#2,4.0,1.8947368421052633
26526,26527,206567936#3,3.0,0.0
26528,26529,206567936#4,4.0,0.3333333333333333
26530,26531,206567936#5,3.0,0.0
26532,26533,206567936#6,3.8,0.5
26536,26537,206567936#8,3.0,0.30000000000000004
26540,26541,207091116#0,24.400000000000034,253.0711222500697
26542,26543,207091132#0,2.0,0.1798638920964057
26544,26545,207091132#1,8.0,0.8152900277620808
26546,26547,207091132#3,6.0,0.5703696741854636
26548,26549,207091132#4,10.0,3.618217279549476
26550,26551,207091134#1,5.6,0.3333333333333335
26552,26553,207218464,72.40000000000006,18393.3
26554,26555,207218465#0,33.60000000000002,3907.2
26556,26557,207218465#1,1.0,1.5
26558,26559,207218465#2,13.0,0.0
26560,26561,207221842,12.0,0.0
26562,26563,207789884#0,14.0,1.6999999999999993
26564,26565,207789884#1,17.0,0.0
26566,26567,207789884#2,16.0,9.2
26568,26569,208010459#0,4.4,0.6666666666666666
26570,26571,208010459#1,8.200000000000001,2.9999999999999996
26572,26573,208010462,14.0,0.0
26574,26575,208117071#0,9.2,2.333333333333334
26576,26577,208117071#1,4.0,0.0
26578,26579,208445147,7.4,0.9166666666666666
26580,26581,208882309,5.6,2.0
26582,26583,208882310,7.0,2.571428571428571
26584,26585,209144149#0,8.0,0.24999999999999992
26588,26589,20975939#1,30.0,8.573924223624816
26590,26591,20975942#0,18.2,4.0
26592,26593,20975942#1,13.600000000000001,4.5
26594,26595,20975942#2,6.0,0.25000000000000006
26596,26597,20975942#3,6.800000000000001,0.4242424242424242
26600,26601,20975943#1,1.8,0.5
26602,26603,20975943#2,5.0,1.1999999999999997
26604,26605,20975943#3,8.0,0.4761904761904762
26606,26607,20975943#4,15.0,2.571428571428572
26608,26609,20975943#5,24.8,47.61904761904761
26614,26615,20975948#0,7.0,1.20952380952381
26616,26617,20975948#1,14.4,2.25
26618,26619,20975948#2,19.8,0.5
26620,26621,20975950#0,6.0,11.44975845410628
26622,26623,20975950#1,15.8,2.952380952380953
26624,26625,20975952#0,17.0,0.0
26628,26629,20975954#0,15.8,4.333333333333335
26630,26631,20975954#1,14.200000000000001,43.3611111111111
26632,26633,210464672,3.0,0.14285714285714293
26634,26635,210464673#1,14.2,8.0
26636,26637,21224499#0,14.0,1.4402439024390243
26638,26639,21224499#1,10.0,1.2752613240418116
26640,26641,21224502,2.0,0.0
26642,26643,21224504#0,3.6000000000000005,0.5714285714285714
26644,26645,21224504#1,11.2,1.3
26646,26647,21224504#2,10.6,1.0
26648,26649,21224504#3,13.4,3.7
26650,26651,21224504#4,23.0,0.0
26652,26653,21224508,15.0,0.0
26654,26655,21224509#0,16.200000000000003,8.333333333333332
26656,26657,21224509#2,29.4,4.5
26658,26659,21224509#3,13.0,0.0
26660,26661,21224509#4,38.6,2.0
26662,26663,21224509#5,10.8,4.333333333333332
26664,26665,21224509#6,12.0,2.0
26666,26667,213233768,8.4,4.5
26668,26669,213233771#1,8.0,2.94712643678161
26670,26671,213233773,5.4,0.6666666666666666
26672,26673,213233776,22.0,3.3666666666666663
26674,26675,213233779#0,25.0,0.0
26676,26677,213252669,18.0,0.0
26678,26679,213252671#0,3.0,0.30789894467540774
26680,26681,213252671#1,3.0,0.2138435845503323
26682,26683,213252672#0,13.4,1.6666666666666667
26684,26685,213252672#1,4.0,0.30000000000000004
26686,26687,213252672#2,16.60000000000001,44.57142857142858
26692,26693,213252674#1,22.8,0.5
26698,26699,213252676#0,8.0,0.0
26700,26701,213252676#1,11.0,0.0
26702,26703,213286562,15.6,1.0
26704,26705,213286564#0,2.6,1.0
26706,26707,213286567#1,4.0,0.0
26710,26711,213286584#1,4.0,3.9444444444444446
26714,26715,213286587,2.0,0.0
26716,26717,213286589#1,6.0,0.0
26718,26719,213286589#3,11.2,2.3333333333333326
26724,26725,213286595#1,1.0,0.0
26726,26727,213286595#2,41.0,0.0
26728,26729,213286595#3,6.2,1.333333333333333
26730,26731,213286595#4,2.0,0.0
26732,26733,213286595#5,13.2,0.5
26734,26735,213328560#0,6.0,0.5666666666666667
26736,26737,213328560#2,3.0,0.0
26740,26741,213328563#2,18.200000000000003,3.583333333333332
26746,26747,213328570#2,2.0,0.0
26750,26751,213328603#0,7.2,1.333333333333333
26752,26753,213328603#1,2.0,0.0
26756,26757,213328605,12.2,1.333333333333334
26758,26759,213350768,2.0,0.0
26760,26761,213350772,4.2,2.6999999999999997
26762,26763,213350773#0,10.0,0.0
26764,26765,213350773#1,2.0,0.0
26766,26767,213350775#0,12.0,0.0
26768,26769,213530792#0,1.0,0.0
26770,26771,213530792#1,3.0,0.0
26772,26773,213842019,10.4,14.25
26774,26775,213842020,2.0,0.0
26776,26777,213842021#1,2.0,0.0
26778,26779,213842021#2,3.4000000000000004,0.25000000000000006
26780,26781,213842022#1,3.8000000000000003,3.0
26782,26783,213842022#2,3.0,0.33333333333333337
26786,26787,215333129#0,2.0,0.2692307692307693
26788,26789,215333129#1,2.0,0.2545454545454545
26790,26791,215333129#2,10.0,1.3666666666666671
26792,26793,215333129#3,7.0,0.0
26794,26795,215333131#1,3.8000000000000007,2.142857142857143
26796,26797,215333131#2,19.0,0.0
26804,26805,215335393#0,1.8,0.5
26810,26811,215336394#0,1.0,0.0
26812,26813,215336394#1,3.0,0.0
26814,26815,215336394#2,5.6,2.0
26816,26817,215336395,3.0,0.1944444444444444
26820,26821,215336398#0,5.0,1.194444444444445
26822,26823,215336398#1,7.6000000000000005,0.9821428571428575
26824,26825,215336398#2,2.0,0.0
26828,26829,215337380,6.0,0.33333333333333326
26832,26833,215337581#1,2.0,0.0
26836,26837,215814551,13.0,0.3333333333333335
26838,26839,215826160#0,55.2,16.3
26840,26841,215826160#1,16.0,0.0
26842,26843,215826160#2,7.0,0.0
26844,26845,215826167#0,9.0,0.0
26846,26847,215826167#1,6.0,0.0
26848,26849,215826167#2,3.0,0.9821428571428571
26852,26853,215829222,9.0,0.0
26854,26855,215843766#1,70.4,30.333333333333343
26856,26857,216169409#1,4.0,0.0
26858,26859,216169409#2,4.0,0.0
26860,26861,216187660,8.8,0.5
26862,26863,216478224,14.6,2.3333333333333326
26864,26865,217170171,8.0,0.0
26866,26867,217170172#0,36.0,0.0
26870,26871,217272032,14.6,14.333333333333332
26872,26873,217272033,13.0,5.466666666666667
26874,26875,217272034,9.0,0.33333333333333304
26880,26881,217389701,7.0,0.0
26882,26883,217407145,9.6,2.0
26886,26887,217450845#0,11.2,8.0
26888,26889,217450845#1,1.0,0.0
26892,26893,217450846,7.4,4.5
26896,26897,217450850#0,2.4000000000000004,0.9166666666666666
26902,26903,217477084,19.6,1.0
26906,26907,217652169,9.0,0.0
26908,26909,217652170,16.4,2.9166666666666665
26912,26913,217968254#0,28.4,5.799999999999999
26916,26917,218006063#0,28.6,72.0
26918,26919,218006063#1,7.2,0.7000000000000001
26920,26921,218647947#0,5.0,0.7636363636363634
26922,26923,218647947#1,21.200000000000003,5.409523809523809
26924,26925,218647954,38.6,16.0
26928,26929,219423250,8.0,0.0
26930,26931,219559054,7.2,0.5
26932,26933,21966646#0,12.0,2.2666666666666666
26934,26935,21966646#1,33.4,4.5
26936,26937,21966647#0,11.0,0.33333333333333304
26938,26939,21966647#1,9.0,0.9999999999999998
26940,26941,21966647#2,1.8,0.5
26942,26943,21966647#3,6.0,0.24999999999999992
26946,26947,21966647#5,21.8,18.0
26948,26949,21966647#6,5.6,2.0
26950,26951,21966647#7,34.0,50.0
26952,26953,21966648,24.8,0.5
26954,26955,219693895,11.0,2.25
26956,26957,219935546,37.0,0.0
26958,26959,220012723,15.0,79.45033037138302
26960,26961,220013328,11.0,2.1516342130407557
26962,26963,220064167,19.8,2.9166666666666665
26966,26967,220351054,8.0,0.33333333333333326
26970,26971,220654222,4.0,0.0
26974,26975,220658740,4.6,0.33333333333333326
26978,26979,220752851,19.0,0.0
26982,26983,223105086,6.0,277.1515873015872
26984,26985,224251774#0,12.0,1.6236060236060241
26986,26987,224251774#1,10.0,1.3138139773735236
26988,26989,22486112#0,2.8,0.5
26990,26991,22486112#1,6.8,0.5
26992,26993,22486112#2,7.0,0.0
26994,26995,22486112#3,7.0,0.0
26996,26997,22486112#5,7.6,1.0
26998,26999,22486112#6,12.8,2.787878787878789
27000,27001,22486115#0,9.0,0.0
27002,27003,22486115#1,10.6,2.0
27004,27005,22486115#2,31.4,4.5
27006,27007,22486116#1,11.0,1.4181818181818184
27008,27009,22486116#2,14.600000000000001,0.923076923076923
27012,27013,22486118#1,7.4,1.6666666666666667
27014,27015,22486118#2,5.0,0.3300653594771242
27016,27017,22486118#3,10.2,2.5
27018,27019,22486118#4,15.0,1.9
27020,27021,22486119#0,21.0,0.0
27022,27023,22486119#1,8.8,0.5
27024,27025,22486119#2,10.2,0.7
27026,27027,22486120#0,11.0,1.5333333333333328
27028,27029,22486120#1,14.4,11.210526315789473
27030,27031,22486120#2,11.0,0.0
27034,27035,22486121#1,13.0,12.5
27038,27039,22486123,23.0,0.0
27040,27041,22486124,31.2,9.33333333333333
27042,27043,22486126#0,7.0,1.4761904761904756
27044,27045,22486126#1,6.0,0.0
27046,27047,22486126#2,26.0,0.0
27048,27049,22486127#1,11.0,41.18295739348371
27050,27051,22486127#10,5.0,0.43333333333333346
27052,27053,22486127#11,5.0,0.5636363636363635
27054,27055,22486127#12,10.6,2.0
27056,27057,22486127#2,3.0,0.31306778476589797
27058,27059,22486127#3,9.0,0.8918439716312057
27060,27061,22486127#4,8.0,0.5647342995169083
27062,27063,22486127#5,3.0,0.32756410256410246
27064,27065,22486127#7,5.0,0.3495798319327731
27066,27067,22486127#8,7.0,0.6451612903225806
27068,27069,22486127#9,5.0,0.3076923076923077
27070,27071,22486129#0,12.6,0.33333333333333304
27072,27073,22486129#1,12.0,0.3333333333333335
27074,27075,22486129#2,12.0,0.0
27078,27079,224892361#0,2.0,0.10420168067226893
27080,27081,224892361#1,4.0,0.2218487394957983
27082,27083,224892361#2,5.0,0.25546218487394956
27084,27085,224892361#3,6.0,0.3214285714285717
27086,27087,224892361#4,6.0,0.3333333333333332
27088,27089,224892361#5,1.0,0.12698412698412698
27090,27091,224892361#6,3.0,0.2473544973544974
27092,27093,224892361#7,4.0,0.35978835978835977
27094,27095,224892361#8,250.0,8978.032258064517
27100,27101,224958871#0,7.0,0.0
27102,27103,224958871#1,3.0,0.0
27104,27105,224999403,6.0,0.5454545454545455
27106,27107,224999404,3.0,0.8
27108,27109,224999405,4.0,0.0
27110,27111,225488970,6.200000000000003,0.6264367816091956
27112,27113,225488971#1,12.4,2.3859649122807025
27114,27115,225488971#2,4.0,0.21241830065359468
27116,27117,225488971#3,4.0,0.47105263157894744
27118,27119,225488971#4,4.0,0.6082251082251082
27120,27121,225491672,8.0,3.0
27122,27123,225491673,9.0,2.5666666666666673
27124,27125,225491674,7.400000000000002,2.952380952380953
27126,27127,225491675,7.4,4.5
27128,27129,225491676,4.0,0.0
27130,27131,225491677,6.4,0.9166666666666666
27132,27133,225491678,6.2,2.5
27134,27135,225491679,8.0,0.9166666666666669
27136,27137,225491680,8.0,2.966666666666666
27138,27139,225856329,14.0,0.0
27140,27141,225856330,25.6,2.2999999999999994
27142,27143,22603930#0,9.0,0.0
27144,27145,22603930#1,15.6,2.0
27148,27149,22603932#0,10.0,0.9106280193236711
27150,27151,22603932#1,12.0,1.018501387604071
27152,27153,22603933,21.0,0.0
27154,27155,22603934#0,6.0,0.0
27156,27157,22603934#1,20.4,16.0
27158,27159,22603934#2,11.4,0.4999999999999999
27160,27161,22603935,17.4,1.6666666666666667
27162,27163,22603937#0,19.2,2.333333333333332
27166,27167,22603937#2,1.8,0.5
27168,27169,22603937#3,27.0,0.0
27170,27171,22603937#4,9.0,0.0
27174,27175,22603938#0,9.0,0.0
27176,27177,22603938#1,11.0,0.0
27178,27179,22603939#0,25.6,2.0
27180,27181,22603939#1,11.8,0.5
27188,27189,22603941#0,9.0,0.0
27198,27199,22603943#0,11.4,4.5
27200,27201,22603943#1,12.0,2.2142857142857144
27202,27203,22603944#0,3.0,0.2892578677332041
27204,27205,22603944#1,4.0,0.3623761201115659
27206,27207,22603945#0,2.0,0.2403361344537815
27208,27209,22603945#1,14.0,1.1260504201680668
27212,27213,226665981#0,33.6,1.0
27214,27215,226665981#1,38.6,4.3333333333333375
27220,27221,226665982#10,25.0,0.0
27222,27223,226665982#11,29.2,9.333333333333336
27226,27227,226665982#13,37.6,24.5
27228,27229,226665982#2,25.8,4.916666666666667
27230,27231,226665982#3,109.8,0.5
27232,27233,226665982#4,24.0,0.0
27236,27237,226665982#6,62.0,0.0
27238,27239,226665982#7,25.0,0.0
27248,27249,226665983#2,15.0,0.0
27250,27251,226665984#0,34.0,9.238095238095237
27252,27253,226665984#1,80.4,48.79999999999998
27254,27255,226665984#2,34.0,0.25
27256,27257,226665985#0,17.0,1.4761904761904763
27258,27259,226665985#1,74.0,41.86666666666667
27260,27261,226665985#2,34.2,4.0
27262,27263,226665986#1,40.0,12.5
27264,27265,226665986#2,5.0,0.0
27268,27269,226665987#1,39.6,34.41071428571428
27270,27271,226665987#2,35.6,12.0
27274,27275,226665987#4,60.0,0.0
27284,27285,226665989#2,36.0,0.0
27288,27289,226665989#4,30.200000000000003,13.666666666666666
27290,27291,226665989#5,23.8,0.5
27292,27293,226665990#0,55.2,33.607894736842105
27294,27295,226665990#1,31.8,21.35606060606061
27296,27297,226665990#2,32.800000000000004,38.7
27298,27299,226665990#3,46.6,7.0
27300,27301,226665990#4,20.0,0.0
27304,27305,22690205#0,18.0,1.1877890841813143
27306,27307,22690205#2,6.0,0.5495798319327732
27308,27309,22690205#3,22.0,2.051724137931036
27310,27311,22690206#0,10.0,2.5666666666666673
27312,27313,22690206#1,20.8,18.0
27314,27315,22690206#2,2.6,0.33333333333333326
27320,27321,22716069#2,16.0,0.0
27324,27325,22716072#2,5.8,0.5
27326,27327,22716072#3,3.0,0.0
27328,27329,22716072#4,8.4,0.9166666666666664
27330,27331,22716072#5,1.0,0.0
27334,27335,22716549#1,10.400000000000002,16.649732620320854
27336,27337,22716549#2,4.0,0.5677361853832442
27338,27339,22716549#3,10.0,1.551724137931035
27340,27341,22716549#4,4.0,0.3333333333333333
27342,27343,22716549#5,4.0,0.25714285714285706
27344,27345,22716549#6,9.0,1.0285714285714285
27346,27347,22724699#0,9.20000000000001,22.564102564102566
27348,27349,22724699#1,4.0,0.19230769230769226
27350,27351,22724699#10,2.0,0.1428571428571429
27352,27353,22724699#11,2.0,0.1666666666666667
27354,27355,22724699#12,4.2,0.7
27356,27357,22724699#2,7.0,0.47435897435897423
27358,27359,22724699#3,6.0,0.8626373626373626
27360,27361,22724699#4,6.0,0.8626373626373626
27362,27363,22724699#5,3.0,0.26666666666666683
27364,27365,22724699#6,7.0,0.4888888888888888
27366,27367,22724699#7,5.0,0.21818181818181817
27368,27369,22724699#8,4.800000000000001,0.47619047619047633
27370,27371,22724699#9,2.8000000000000007,0.23809523809523803
27372,27373,22727412#0,3.0,0.1898734177215191
27374,27375,22727412#1,3.0,0.25253164556962027
27378,27379,229018941,13.0,158.83708510901664
27386,27387,229399961,8.0,0.0
27388,27389,23009002#0,18.0,3.3599999999999994
27390,27391,23009002#0.132,54.0,687.7333333333333
27392,27393,23009600#1,12.0,18.87929449663523
27394,27395,23009600#2,4.0,0.5476235416248867
27396,27397,230450339#0,13.0,3.499999999999999
27400,27401,230450343#0,13.4,3.0000000000000013
27404,27405,230450345#0,12.0,0.0
27406,27407,230450345#1,7.6,0.3333333333333335
27408,27409,230450347#0,11.0,0.0
27410,27411,230450347#1,11.0,0.0
27412,27413,230450350#0,2.0,0.25362318840579706
27414,27415,230450350#10,6.6,0.33333333333333326
27416,27417,230450350#13,8.2,0.3222222222222221
27418,27419,230450350#14,4.4,0.6666666666666666
27420,27421,230450350#15,6.0,0.33333333333333326
27422,27423,230450350#16,10.0,0.0
27426,27427,230450350#19,2.0,0.0
27428,27429,230450350#2,5.800000000000001,0.27941176470588236
27430,27431,230450350#20,3.2,2.333333333333333
27432,27433,230450350#21,2.0,0.33333333333333337
27434,27435,230450350#22,4.0,0.0
27436,27437,230450350#23,3.8,0.5
27438,27439,230450350#3,4.2,1.1222222222222222
27440,27441,230450350#4,2.0,0.17777777777777778
27442,27443,230450350#5,3.0,0.5666666666666667
27444,27445,230450350#6,4.0,0.2666666666666666
27448,27449,230450350#9,4.0,0.0
27454,27455,230450353#2,11.0,0.3333333333333335
27456,27457,230450354#0,10.6,0.3333333333333335
27462,27463,230450355#0,18.6,2.0
27466,27467,230450355#2,11.0,0.0
27468,27469,230450356#0,14.8,0.5
27472,27473,230450356#2,11.6,2.0
27476,27477,230450357#1,11.0,0.0
27478,27479,230450360#0,2.8,0.5
27480,27481,230450360#1,2.8,0.5
27482,27483,230450360#2,3.0,1.6
27484,27485,230450360#3,3.4000000000000004,1.0277777777777777
27486,27487,230450360#4,1.0,0.1111111111111111
27488,27489,230450361#0,11.8,0.5
27492,27493,230450361#2,2.8,0.5
27496,27497,230450364#0,3.6,0.33333333333333337
27498,27499,230450364#1,8.0,0.0
27500,27501,230450364#2,5.0,0.0
27502,27503,230450364#3,23.0,0.0
27504,27505,230450366#0,2.6000000000000005,0.5535714285714285
27506,27507,230450366#1,4.0,0.0
27512,27513,230450366#4,3.0,0.0
27514,27515,230450366#5,4.0,0.33333333333333326
27516,27517,230450366#6,3.0,1.3333333333333335
27518,27519,23059971,86.6,2.0
27520,27521,23101640#0,19.0,5.766666666666666
27522,27523,23101640#1,7.0,0.8095238095238094
27524,27525,23101640#2,7.0,1.3478260869565217
27528,27529,23101656#1,2.0,0.0
27530,27531,23101685#1,4.0,0.5087719298245613
27532,27533,23101685#10,5.0,0.0
27534,27535,23101685#2,6.0,0.8626373626373627
27536,27537,23101685#4,3.0,0.20000000000000004
27538,27539,23101685#5,1.2000000000000002,0.2
27540,27541,23101685#6,3.2,0.20000000000000004
27542,27543,23101685#7,3.0,0.0
27544,27545,23101685#8,22.0,0.0
27546,27547,23101685#9,5.0,0.0
27548,27549,23125141,3.0,0.2938562892599969
27550,27551,23125142,10.0,1.2211856245485784
27552,27553,23128480#2,7.0,1.1
27554,27555,23128564#0,2.0,3.1423576423576423
27556,27557,23128564#1,2.0,0.06077256077256076
27558,27559,23128564#2,17.0,1.3954378954378952
27560,27561,231526849#1,5.4,1.4999999999999998
27564,27565,231526851,134.4,199.57142857142858
27566,27567,231526852#1,3.0,0.0
27568,27569,231526854#1,3.0,0.3
27570,27571,231526855#1,2.8,0.5
27572,27573,231526859#0,4.800000000000001,1.0000000000000002
27576,27577,231526859#2,2.0,0.0
27578,27579,231526860#0,5.0,0.0
27582,27583,231526860#2,7.0,0.0
27586,27587,23166741#1,5.0,0.4346092450124179
27588,27589,23166741#2,7.0,0.7280571296111423
27590,27591,23166741#3,6.0,3.584314293731512
27592,27593,23166741#5,49.0,1194.8150253502365
27594,27595,23183627#2,55.0,0.0
27596,27597,23183634#0,26.8,0.5
27606,27607,23183649#0,7.0,0.2857142857142857
27608,27609,23184252#0,10.0,2.138412542871141
27610,27611,23184252#1,2.0,0.24660876757650954
27612,27613,23184252#2,7.0,0.682697947214076
27614,27615,23184252#3,5.0,0.6101774042950513
27616,27617,23184274#1,9.0,1.658699116326235
27618,27619,23184274#2,7.0,3.4774020227560065
27620,27621,23184274#3,11.0,1.0553359683794472
27622,27623,23184274#4,7.200000000000001,15.936842105263159
27624,27625,23184317,8.0,0.6066666666666667
27626,27627,231966468#0,23.2,4.0
27628,27629,231966468#1,14.0,0.0
27630,27631,231966468#2,7.0,0.0
27634,27635,23202117#1,18.6,2.0
27636,27637,23202186#0,11.0,0.0
27638,27639,23202186#1,10.0,0.0
27640,27641,23202186#2,11.8,0.5
27642,27643,23202186#3,18.8,9.7
27644,27645,23202186#4,9.6,2.0
27646,27647,23202195#0,37.6,1.0
27650,27651,23206058#0,11.0,1.4181818181818182
27652,27653,23206058#1,18.0,0.9666666666666665
27654,27655,23206058#2,8.0,0.7
27658,27659,23206109,24.0,0.0
27660,27661,23206111#0,16.0,1.6944444444444433
27662,27663,23206111#1,7.0,1.9560439560439562
27664,27665,23206111#2,4.4,0.37912087912087916
27666,27667,23206114#1,11.0,1.5294117647058825
27668,27669,23206120,33.0,12.5
27670,27671,23206153,20.0,0.0
27672,27673,23206178,10.0,0.0
27674,27675,23206325#1,9.8,0.5
27676,27677,23206325#2,5.0,0.0
27678,27679,23206325#3,4.0,0.0
27680,27681,23206325#5,2.8,0.5
27682,27683,23206325#6,3.0,0.0
27686,27687,23258631#0,6.0,0.1842696629213484
27688,27689,23258631#1,4.0,2.5744069912609238
27690,27691,23258631#10,4.0,0.4461538461538462
27692,27693,23258631#12,3.0,0.2747474747474748
27702,27703,23258631#4,7.400000000000006,1.0645894190197982
27704,27705,23258631#5,6.0,0.47070015220700157
27706,27707,23258631#8,5.0,0.5452815829528157
27708,27709,23291881,4.0,0.6580086580086578
27710,27711,23291898#0,35.0,12.026132404181178
27712,27713,23291898#1,7.0,0.5882694541231126
27714,27715,23291898#2,12.0,2.0098722415795596
27716,27717,23291898#3,4.0,0.4024390243902437
27718,27719,23291898#4,8.0,1.212195121951219
27720,27721,23291898#5,10.0,1.428048780487805
27722,27723,23291898#8,5.0,0.5166666666666665
27724,27725,23291898#9,3.0,0.269230769230769
27726,27727,23291925#0,11.0,3.0
27728,27729,23291925#1,11.0,3.0
27730,27731,23291925#2,23.8,16.333333333333336
27732,27733,23291925#3,6.0,0.0
27736,27737,233673410#0,5.0,0.5511138208422811
27738,27739,233673410#1,3.0,1.1722143969160055
27740,27741,233673410#2,4.0,2.1699405264441576
27742,27743,233673410#3,6.0,7.019528816199383
27744,27745,233673410#5,6.0,1.295950964341332
27746,27747,233673410#6,2.0,0.24854918612880403
27748,27749,233673410#7,3.0,0.27883584796768074
27750,27751,233673410#8,2.0,0.25674004452139465
27752,27753,233673410#8.17,2.0,0.25063896446533124
27754,27755,233673411#0,2.0,9.075192610564853
27756,27757,233673411#1,36.0,271.70389052058096
27758,27759,233673412#1,6.0,0.763313150131967
27760,27761,233673413#0,2.0,0.2790058785868109
27762,27763,233673413#1,3.0,0.21463244281473742
27764,27765,233673414#0,2.0,0.1902621459800185
27766,27767,233673414#1,2.0,0.24994701144552794
27768,27769,233673414#2,3.0,0.2631041222459132
27770,27771,233673414#3,4.0,0.27425149700598805
27772,27773,233673414#5,7.0,0.5643487799176425
27774,27775,233673414#7,7.0,11.75091356416658
27776,27777,233673414#8,23.0,84.47283713265585
27778,27779,233673415#0,5.0,1.4756702207011547
27780,27781,233673415#1,1.0,0.10846842058641155
27782,27783,233673415#2,4.0,0.34740230707323627
27784,27785,233673415#3,6.0,0.4421462407954596
27786,27787,233673416,9.0,1.452372531682876
27788,27789,233673418,30.0,118.91222958057394
27790,27791,233673420#0,21.0,81.48044652643668
27792,27793,233673421,11.0,88.4870062370062
27794,27795,233673423,4.0,0.39544176409649245
27796,27797,233673424#0,6.0,0.42169691853102587
27798,27799,233673424#1,7.0,12.114178412915185
27800,27801,233673425#0,51.0,637.2102775273509
27802,27803,233675413#0,5.0,0.4714511344812979
27804,27805,233675413#1,8.0,1.1564266279985342
27806,27807,233675413#2,8.0,9.214803034201026
27808,27809,233675413#3,11.0,54.85829877774149
27810,27811,233675413#6,5.0,0.7478972110377975
27812,27813,233675413#7,2.0,0.19817512349712968
27814,27815,233675413#8,4.0,0.3679022716930938
27816,27817,233675413#9,3.0,0.21794252511463472
27818,27819,23422659,9.0,0.5369458128078816
27820,27821,23436553#0,13.4,0.8626373626373626
27824,27825,23436553#3,4.0,0.14102564102564108
27828,27829,23441733#1,16.8,3.0
27830,27831,23442105#0,13.6,1.0
27832,27833,23442105#1,9.0,1.333333333333334
27834,27835,23442105#2,9.6,1.0
27836,27837,23442105#3,8.0,0.6666666666666669
27838,27839,23442105#4,9.0,0.8392857142857145
27840,27841,23442105#5,9.6,2.0
27842,27843,23442105#6,9.4,1.6666666666666667
27844,27845,23525483#0,12.0,0.38636363636363635
27846,27847,23525483#2,5.0,0.5000000000000001
27848,27849,23525483#3,5.0,0.26666666666666666
27850,27851,23525483#4,12.6,2.0
27852,27853,23525483#5,11.0,0.0
27862,27863,23621940#0,28.400000000000002,28.982142857142858
27864,27865,23621955#0,7.0,1.784873949579832
27866,27867,23621955#1,4.0,0.2592592592592593
27868,27869,23621955#10,5.0,0.8609195402298853
27870,27871,23621955#11,6.0,0.2795698924731182
27872,27873,23621955#12,4.0,0.36507936507936495
27874,27875,23621955#2,6.0,0.49002849002848997
27876,27877,23621955#3,3.0,0.25641025641025644
27878,27879,23621955#4,5.0,12.28571428571429
27880,27881,23621955#5,4.0,0.29032258064516125
27882,27883,23621955#6,6.800000000000001,0.33333333333333337
27884,27885,23621955#7,7.0,0.7689655172413793
27886,27887,23621955#8,9.0,0.5784615384615382
27888,27889,23621955#9,5.0,0.5224867724867724
27890,27891,23621983,19.8,24.33333333333334
27892,27893,23622049#0,36.0,0.0
27894,27895,23622051#0,26.0,0.0
27904,27905,23622056#4,16.0,2.619047619047619
27906,27907,23622056#5,4.0,0.22058823529411753
27908,27909,23622056#6,5.0,0.40441176470588236
27910,27911,23622106#0,11.4,0.6666666666666666
27912,27913,23622106#1,8.8,2.265151515151515
27914,27915,23622106#10,3.0,0.15526315789473685
27916,27917,23622106#15,9.0,2.9737179487179484
27918,27919,23622106#16,2.0,0.2719512195121951
27920,27921,23622106#17,3.0,0.3922705314009664
27922,27923,23622106#18,5.0,0.3857539315448657
27924,27925,23622106#19,8.0,0.48279220779220733
27926,27927,23622106#2,10.0,0.6421052631578951
27928,27929,23622106#3,12.0,1.2899999999999998
27930,27931,23622106#4,10.0,2.0
27932,27933,23622106#5,6.0,0.7222222222222221
27934,27935,23622106#6,8.2,0.6222222222222216
27936,27937,23622106#8,2.0,0.369281045751634
27938,27939,23622106#9,3.0,0.34761904761904755
27940,27941,23622107#0,2.0,0.04049295774647888
27942,27943,23622107#1,1.0,0.08900625978090766
27944,27945,23622107#2,7.0,0.4788732394366194
27946,27947,23622107#3,14.0,3.31629746835443
27948,27949,23622107#4,4.0,0.33556771545827646
27950,27951,23622107#5,3.0,0.2573187414500683
27952,27953,23622107#6,5.0,0.4909874608150471
27954,27955,23622107#7,3.0,0.2941777323799796
27956,27957,23622107#8,4.0,0.5240086000955566
27958,27959,23622128#0,11.2,1.2999999999999996
27960,27961,23622128#1,9.0,3.766666666666667
27962,27963,23622128#2,12.0,0.3333333333333333
27966,27967,23622131#1,4.0,0.21428571428571422
27968,27969,23622131#2,68.4,41.83809523809525
27974,27975,23622140#2,59.800000000000004,92.30000000000001
27976,27977,23622141#0,3.4000000000000004,4.5
27978,27979,23622141#1,26.0,0.0
27980,27981,23622141#2,24.8,12.33333333333333
27984,27985,23622167#1,10.2,0.20000000000000018
27986,27987,23622170#0,22.0,4.658461538461535
27988,27989,23622170#1,11.0,0.671264367816092
27990,27991,23622170#2,7.0,16.251231527093598
27992,27993,23622189#0,1.0,0.0
27998,27999,23622189#3,41.6,50.666666666666664
28000,28001,23622189#4,4.400000000000002,4.857142857142857
28002,28003,23622201#0,9.0,0.0
28004,28005,23622201#1,14.0,0.0
28006,28007,23622201#2,8.6,0.3333333333333335
28008,28009,23622232#0,30.6,24.5
28012,28013,23622232#2,31.0,0.0
28014,28015,23622249#0,10.4,0.6666666666666666
28016,28017,23622249#1,6.4,1.2
28018,28019,23622271#1,7.0,11.428104575163399
28020,28021,23622271#3,5.4,2.8888888888888893
28022,28023,23622271#4,3.0,0.27272727272727276
28024,28025,23622271#6,10.0,1.5958333333333334
28026,28027,23622271#7,2.0,0.41025641025641035
28028,28029,23622426,9.0,0.8213444527252903
28030,28031,23622443,12.2,0.7999999999999996
28032,28033,23622517#0,15.8,1.0000000000000002
28034,28035,23622517#1,8.2,0.4999999999999999
28036,28037,23622517#2,8.2,1.7000000000000002
28038,28039,23622517#3,5.8,0.5
28040,28041,23622520#0,17.0,1.1619047619047616
28042,28043,23622520#2,13.0,2.147619047619046
28044,28045,23623583#0,6.0,0.22105263157894728
28046,28047,23623583#1,24.8,5.537878787878788
28048,28049,23623595,28.0,8.266666666666666
28054,28055,23623633#2,9.0,0.0
28056,28057,23623640,9.0,1.8666666666666671
28060,28061,23623674#1,20.8,28.086580086580078
28062,28063,23623674#11,18.400000000000006,47.333333333333336
28064,28065,23623674#2,1.0,0.0865800865800866
28066,28067,23623674#3,2.0,0.15019762845849802
28068,28069,23623674#4,1.0,0.08658008658008658
28070,28071,23623674#5,2.6000000000000014,0.2411067193675889
28072,28073,23623674#6,2.0,0.22134387351778664
28074,28075,23623674#7,4.0,0.22527472527472525
28076,28077,23623674#8,4.0,0.4743589743589743
28078,28079,23623680,15.4,4.5
28080,28081,23623681,5.0,0.0
28084,28085,23623687#0,11.8,0.5
28086,28087,23623687#1,9.0,0.33333333333333304
28088,28089,23623692#0,8.0,0.0
28090,28091,23623692#1,12.0,0.0
28092,28093,23623692#2,14.2,6.7
28096,28097,23623701#0,7.0,0.20000000000000007
28098,28099,23623701#1,5.800000000000001,1.6190476190476193
28100,28101,23623701#2,8.0,0.7999999999999999
28102,28103,23623701#3,16.0,0.0
28106,28107,23623713#0,5.0,1.8000000000000003
28108,28109,23623713#1,10.0,0.7000000000000003
28110,28111,23623713#2,2.0,0.19444444444444442
28112,28113,23623715#1,3.0,0.25
28114,28115,23623715#2,3.8,0.5
28116,28117,23623715#3,1.0,0.0
28118,28119,23623717,29.400000000000006,187.58333333333334
28120,28121,23623720,38.400000000000006,20.249999999999993
28122,28123,23623780#0,1.0,0.0
28124,28125,23623780#1,25.0,0.0
28128,28129,23659379,35.8,18.0
28130,28131,240066908,12.4,2.9166666666666665
28132,28133,240187995#1,5.0,0.9166666666666664
28134,28135,24061189#0,4.600000000000001,1.2857142857142856
28136,28137,24061189#1,8.0,0.9523809523809522
28138,28139,24061189#2,3.0,0.0
28140,28141,24061189#3,3.0,0.0
28142,28143,24061326#0,14.200000000000001,1.6857142857142853
28144,28145,24061326#1,10.4,4.5
28148,28149,24061326#3,4.0,0.4469696969696971
28150,28151,24495014#0,39.4,162.0
28152,28153,24495014#1,4.200000000000001,9.3
28160,28161,24495083#3,34.0,0.0
28162,28163,24498193#1,5.0,8.795474581251836
28164,28165,24498193#3,7.0,1.6178743961352657
28166,28167,24498193#4,3.0,0.5737179487179488
28168,28169,24498193#5,4.0,0.3778966131907308
28170,28171,24498193#6,4.0,0.26236559139784965
28172,28173,24499966#0,4.0,2.1995115995116
28174,28175,24499966#1,17.0,3.8545827633378944
28176,28177,24499966#2,6.0,0.721288515406163
28178,28179,24499968#0,4.0,0.29999999999999993
28180,28181,24499968#1,14.600000000000001,4.7
28182,28183,24499968#2,8.000000000000004,24.285714285714285
28184,28185,245375067,5.6,0.33333333333333326
28186,28187,245375072#0,3.0,0.8611111111111112
28188,28189,245375072#1,3.0,0.5256410256410254
28190,28191,245375074#0,5.800000000000001,1.6190476190476197
28192,28193,245375074#1,13.600000000000001,4.857142857142857
28194,28195,245375074#2,10.8,0.5
28196,28197,245375074#3,12.2,2.333333333333334
28200,28201,24537805#0,5.0,0.3405898430798371
28202,28203,24537805#1,1.0,0.13947492732131148
28204,28205,24537805#2,2.0,0.15276155769113534
28206,28207,24537805#3,3.0,0.29860301860301863
28208,28209,24537805#4,18.0,3.7222261476608702
28210,28211,24537805#5,5.0,0.5093553293553296
28212,28213,24537982#1,10.0,8.06403031480761
28214,28215,24537982#2,3.0,0.27706349206349207
28216,28217,24537982#3,10.0,0.9794493608652903
28218,28219,24537982#4,7.0,0.3104674180907364
28220,28221,24598017,3.0,0.0
28222,28223,24599188#1,5.0,0.8602941176470588
28224,28225,24599188#2,15.0,0.9999999999999997
28226,28227,246024694#0,3.0,0.0
28230,28231,246024696,5.0,0.0
28232,28233,246024697#0,11.2,2.4444444444444446
28234,28235,246024697#1,11.0,0.0
28236,28237,246024698#0,12.0,0.7857142857142859
28238,28239,246024698#1,8.4,4.666666666666667
28240,28241,246024699#0,1.0,0.0
28242,28243,246024699#1,8.0,1.3333333333333335
28244,28245,246024701#0,10.0,1.4666666666666661
28246,28247,246024701#1,8.2,8.0
28250,28251,24608842#0,17.6,6.35897435897436
28252,28253,24608842#1,5.0,0.23333333333333328
28254,28255,24608842#2,10.2,1.7333333333333334
28256,28257,24608843#0,16.2,1.333333333333333
28258,28259,24608844#0,7.2,0.19999999999999996
28260,28261,24608844#1,7.200000000000001,1.6380952380952378
28262,28263,24608844#2,47.0,359.6625
28264,28265,24608845,11.8,0.9047619047619051
28268,28269,24608846#1,11.0,0.0
28270,28271,24614922#0,15.6,1.0
28272,28273,24614922#2,6.8,0.5
28274,28275,24614922#3,9.600000000000001,6.333333333333335
28278,28279,24634411#1,30.0,0.0
28280,28281,24634413#1,29.0,5.333333333333332
28284,28285,24634413#3,20.8,0.5
28286,28287,24634414#0,5.2,1.7000000000000004
28288,28289,24634414#2,13.4,1.5833333333333337
28292,28293,24634414#4,16.0,0.0
28296,28297,24634414#6,4.0,0.0
28298,28299,24634414#7,5.0,0.10000000000000003
28300,28301,24634414#8,25.0,220.22222222222223
28306,28307,24634417#1,25.0,0.0
28308,28309,24634505,8.2,1.3888888888888888
28318,28319,24634508#0,15.0,0.0
28320,28321,24634508#1,10.8,2.9166666666666665
28322,28323,24634509#0,7.0,0.7692307692307688
28324,28325,24634509#1,11.0,1.4743589743589742
28326,28327,24634509#2,4.0,0.25
28328,28329,24634509#3,3.8,0.5
28330,28331,24634509#4,4.0,0.33333333333333326
28332,28333,24634509#5,1.0,0.0
28334,28335,24634509#6,3.0,0.25
28336,28337,24634509#7,6.8,0.5
28338,28339,24634510#0,26.0,12.314285714285713
28340,28341,24634510#1,2.0,0.12380952380952381
28342,28343,24634510#10,5.0,0.4909090909090909
28344,28345,24634510#11,9.0,1.1999999999999997
28346,28347,24634510#12,2.0,0.3736263736263736
28348,28349,24634510#13,5.0,0.7087912087912087
28350,28351,24634510#14,8.4,1.1703296703296702
28352,28353,24634510#15,6.0,0.9924242424242423
28354,28355,24634510#16,3.0,0.4469696969696971
28356,28357,24634510#17,7.0,1.5378787878787887
28358,28359,24634510#18,7.0,0.6363636363636362
28360,28361,24634510#2,3.0,0.5535714285714285
28362,28363,24634510#20,5.800000000000001,1.4545454545454544
28364,28365,24634510#21,9.400000000000002,19.174242424242422
28366,28367,24634510#3,9.0,1.4107142857142858
28368,28369,24634510#4,4.0,0.8095238095238094
28370,28371,24634510#5,6.6000000000000005,1.1428571428571428
28372,28373,24634510#7,11.4,2.3
28374,28375,24634510#8,4.0,0.4
28376,28377,24634510#9,14.0,4.000000000000001
28378,28379,24634511#0,7.0,0.619047619047619
28380,28381,24634511#1,12.0,0.1666666666666668
28382,28383,24634513#0,17.4,4.5
28384,28385,24634513#1,23.8,0.5
28386,28387,24634513#2,27.8,0.5
28390,28391,24634513#4,1.0,0.0
28392,28393,24634513#5,25.8,0.5
28394,28395,24634513#6,14.000000000000002,8.25
28396,28397,24634514#0,7.0,0.0
28406,28407,24634514#5,27.0,0.0
28410,28411,24634516#2,34.2,8.0
28412,28413,24634517#1,8.0,0.8067375886524818
28414,28415,24634517#11,6.0,0.7294372294372294
28416,28417,24634517#13,7.0,0.6437908496732027
28418,28419,24634517#14,5.0,0.2909090909090912
28420,28421,24634517#16,5.0,0.5444444444444443
28422,28423,24634517#17,1.0,0.17777777777777778
28424,28425,24634517#18,7.0,1.1111111111111107
28426,28427,24634517#19,5.4,0.24999999999999992
28428,28429,24634517#2,3.0,0.23012820512820512
28430,28431,24634517#20,2.0,0.0
28432,28433,24634517#21,3.8,0.5
28434,28435,24634517#22,3.0,0.0
28436,28437,24634517#4,7.600000000000001,0.4046941678520626
28438,28439,24634517#5,2.0,0.2389758179231863
28440,28441,24634517#6,1.0,0.1630252100840336
28442,28443,24634517#7,5.0,0.3143939393939394
28444,28445,24634517#8,6.0,0.41954022988505746
28446,28447,24634517#9,4.0,0.15211640211640212
28448,28449,24634518#0,20.2,9.333333333333334
28450,28451,24634518#1,12.0,0.0
28454,28455,24634519#0,13.0,10.694444444444445
28456,28457,24634519#1,7.2,1.3333333333333335
28458,28459,24634519#2,6.6,1.0
28460,28461,24634521#0,14.4,1.6666666666666667
28462,28463,24634521#1,64.0,0.0
28464,28465,24634521#2,22.6,32.8
28466,28467,24634522,9.0,0.0
28468,28469,24692304,10.0,0.2999999999999998
28470,28471,24692328#0,8.600000000000001,6.3328591749644385
28472,28473,24692328#1,5.0,1.5912698412698405
28478,28479,24692391#2,11.000000000000004,22.61904761904762
28480,28481,24693977#0,9.0,35.07393740604071
28482,28483,24693977#1,7.0,0.46464397977313143
28484,28485,24733323#0,5.0,2.110294117647059
28486,28487,24733323#1,50.800000000000004,59.24358974358972
28488,28489,24733323#2,7.0,4.340080971659918
28490,28491,24733323#3,24.0,14.661754385964917
28492,28493,24733323#4,18.0,18.17298797409806
28494,28495,24733323#5,16.0,11.653527435610306
28496,28497,24754837#0,5.0,0.45833333333333326
28498,28499,24754837#1,29.0,9.268235294117648
28500,28501,24754837#2,6.0,0.4847457627118646
28502,28503,24754837#3,3.0,0.31584699453551907
28504,28505,24754837#4,2.0,0.11448968799576942
28506,28507,24754837#5,16.0,3.114587189929657
28508,28509,24754837#6,8.0,0.7387387387387385
28510,28511,24754837#7,9.0,1.031148986188657
28512,28513,24754837#8,3.0,0.2644865174985657
28514,28515,24754837#9,4.0,0.39744693057946073
28516,28517,24754854#0,7.4,0.6944444444444446
28518,28519,24754854#1,7.0,0.8727272727272727
28520,28521,24754854#2,7.6,1.0
28522,28523,24754854#3,10.0,0.0
28524,28525,24754876#0,3.0,0.2619047619047618
28526,28527,24754876#10,4.0,0.3448107448107449
28528,28529,24754876#11,4.0,0.8017213642213642
28530,28531,24754876#12,33.80000000000001,172.9700772200773
28532,28533,24754876#2,14.0,1.9991228070175442
28534,28535,24754876#3,4.0,0.39764079147640774
28536,28537,24754876#4,5.0,0.5029398462234281
28538,28539,24754876#5,4.0,0.3424056189640035
28540,28541,24754876#7,5.0,0.6606012658227847
28542,28543,24754876#8,4.0,0.4271604938271604
28544,28545,24754876#9,1.0,0.3772893772893773
28546,28547,24754881#1,5.0,0.5578231292517006
28548,28549,24754881#2,2.0,0.2465986394557824
28550,28551,24754881#3,2.0,0.2244897959183674
28552,28553,24754881#4,1.0,0.1232993197278912
28554,28555,24754881#5,1.0,0.21683673469387754
28556,28557,24754881#6,3.0,0.5161290322580645
28558,28559,24754881#7,4.0,0.24899193548387094
28560,28561,24754890#0,53.8,18.0
28562,28563,24754890#1,14.4,6.699999999999999
28564,28565,24754890#2,10.0,0.9999999999999997
28566,28567,24754893,25.0,2.3523809523809542
28568,28569,24762523#0,14.0,2.0030388031790567
28570,28571,24762523#1,5.0,0.4745812518366147
28572,28573,248012815,5.0,1.0078348711422203
28574,28575,24846867#1,9.0,2.4230769230769225
28576,28577,24846867#2,9.0,0.849673202614379
28578,28579,24846867#4,11.0,2.306666666666667
28580,28581,24846867#5,10.200000000000003,134.53359683794466
28582,28583,24872465,7.2,1.3333333333333335
28584,28585,24872530#0,20.200000000000003,7.338700564971749
28586,28587,24872530#1,7.0,2.911654135338346
28588,28589,24872530#2,1.0,0.6342525399129173
28590,28591,24872530#3,20.0,5.882352941176469
28592,28593,24872530#5,10.0,1.5277777777777777
28596,28597,24890429#2,8.0,0.7066221634805709
28598,28599,24895299#0,4.0,0.7320261437908496
28600,28601,24895299#1,9.0,1.6470588235294112
28602,28603,24895300#1,45.0,16.333333333333325
28604,28605,24895300#2,7.0,0.33333333333333326
28606,28607,24895300#3,8.2,2.0000000000000004
28608,28609,24895300#4,9.0,1.1636363636363636
28610,28611,24895300#5,58.2,49.780952380952385
28612,28613,24895300#6,11.0,1.7166666666666663
28614,28615,24895308,7.0,0.25641025641025633
28616,28617,24895312#0,12.8,0.878787878787879
28618,28619,24895312#1,25.0,5.316666666666669
28620,28621,24895312#2,9.0,1.0000000000000002
28622,28623,24895312#3,18.0,2.6884057971014514
28624,28625,24943166#0,3.0,0.1515151515151516
28626,28627,24943166#1,9.0,0.944444444444444
28628,28629,24943166#2,11.0,1.7333333333333332
28630,28631,24943166#3,7.2,0.7
28632,28633,24943166#4,7.6,1.0
28634,28635,24943168#0,13.0,0.8095238095238101
28640,28641,24943168#3,18.6,2.999999999999999
28642,28643,24943168#4,15.0,12.5
28644,28645,24943168#5,13.0,0.0
28646,28647,24970784#1,11.0,1.0369458128078828
28648,28649,24970784#3,3.0,0.21652421652421652
28650,28651,24970784#5,5.0,1.2403982930298718
28652,28653,24971737#0,8.0,53.50734463276839
28654,28655,24972185#2,11.0,4.002581673306776
28656,28657,24972185#3,8.0,2.9407159585145544
28658,28659,24972185#5,8.0,3.289650037230081
28660,28661,24972185#7,10.0,1.2683606248823638
28662,28663,24972185#8,12.0,2.1794082102062293
28664,28665,24972185#9,20.0,62.25080076873796
28666,28667,24977473#0,5.0,1.2514619883040934
28668,28669,24977473#1,6.0,0.2685185185185186
28670,28671,24977473#2,3.0,0.9138047138047141
28672,28673,24977473#4,44.800000000000004,546.2722323049003
28674,28675,24977548#0,3.0,0.7826086956521736
28676,28677,24977548#1,4.0,1.3625000000000003
28678,28679,24977548#2,3.4000000000000004,1.763736263736264
28680,28681,24977548#3,15.8,4.476190476190476
28682,28683,24977577#0,2.8000000000000007,0.6969696969696972
28684,28685,24977577#1,7.800000000000001,3.058823529411763
28686,28687,24977590#1,7.0,1.7166359729895648
28688,28689,24978943#0,10.0,0.0
28690,28691,24978943#1,15.0,12.5
28692,28693,24982784#0,12.0,2.6666666666666665
28694,28695,24982784#1,14.8,0.5
28696,28697,24982784#2,11.0,0.0
28698,28699,24989826#0,6.6,2.0
28700,28701,24989903,12.0,1.4999999999999998
28702,28703,24989982#2,7.0,0.6254291248662044
28708,28709,24991571,9.0,1.11015854374633
28710,28711,24991573,2.0,0.2493247210804462
28712,28713,25000737#0,27.8,13.0
28714,28715,25000737#1,5.0,2.254545454545455
28716,28717,25000737#2,2.0,1.424242424242424
28718,28719,25001007#1,7.0,3.392706131078224
28720,28721,25001024,13.4,4.694444444444442
28722,28723,25012173,18.6,4.333333333333331
28728,28729,25076749#0,20.6,3.506535947712418
28730,28731,25076749#1,11.0,0.6476190476190476
28732,28733,25076749#2,9.0,1.0999999999999999
28734,28735,25076787#0,15.0,0.0
28736,28737,25076787#1,13.0,0.2666666666666668
28738,28739,25076787#2,8.2,0.4444444444444443
28740,28741,25076787#3,16.0,0.0
28742,28743,25114091,11.4,6.835164835164836
28744,28745,25117288#1,22.4,5.277777777777779
28746,28747,25117391#0,9.0,21.20530319495763
28748,28749,25117391#1,5.0,0.2011539642841471
28750,28751,25117391#2,5.0,0.2121747295001341
28752,28753,25117391#3,9.0,0.4301171420906729
28754,28755,25117417#1,9.0,11.888407960199004
28756,28757,25117417#2,6.0,0.5555277081592871
28758,28759,25117417#4,9.600000000000023,5.9760036917397334
28760,28761,25117417#5,1.0,0.4474439829769781
28762,28763,25122731#1,7.6,0.3333333333333335
28764,28765,25122830#0,8.4,0.6666666666666666
28766,28767,25122830#1,11.400000000000002,6.285714285714287
28772,28773,25136980#0,42.0,16.33333333333333
28774,28775,25136980#1,19.0,0.0
28776,28777,25136980#2,5.0,3.8666666666666663
28778,28779,25136980#3,16.0,2.5274725274725265
28780,28781,25136980#5,13.600000000000001,1.5256410256410275
28782,28783,25136980#6,12.0,2.273684210526317
28784,28785,25136980#7,12.0,2.1558441558441555
28786,28787,25136980#8,11.8,1.7179487179487174
28788,28789,25136980#9,14.0,2.0462962962962976
28790,28791,25136981,13.0,0.0
28792,28793,25136982#0,15.200000000000001,4.250000000000001
28794,28795,25136982#1,3.0,0.22807017543859662
28800,28801,25136983#0,11.0,2.2666666666666675
28802,28803,25136983#1,43.4,4.5
28806,28807,25136986,12.8,4.916666666666665
28808,28809,25141428#0,41.0,0.0
28810,28811,25141428#1,24.0,5.02564102564103
28812,28813,25141428#2,9.0,1.4952380952380957
28814,28815,25141430#0,5.0,0.5260504201680674
28816,28817,25141430#1,4.0,0.23492063492063484
28818,28819,25145011#0,15.0,0.0
28820,28821,25145011#1,21.0,0.0
28822,28823,25145011#2,5.0,0.0
28824,28825,25145012#0,10.4,4.5
28826,28827,25145012#1,20.0,1.3333333333333333
28834,28835,25145012#5,11.0,0.0
28840,28841,25145012#8,12.6,2.0
28842,28843,25145013#0,13.0,0.7435897435897436
28844,28845,25145013#1,32.4,774.1098901098901
28850,28851,25145014#2,14.6,0.33333333333333304
28852,28853,25145014#3,4.0,0.0
28854,28855,25145014#4,2.8000000000000003,3.0
28856,28857,25145014#5,6.6,2.333333333333334
28858,28859,25145014#6,4.0,0.33333333333333337
28860,28861,25145014#7,1.0,0.33333333333333337
28862,28863,25145014#8,2.4000000000000004,0.25
28864,28865,25145014#9,8.8,0.5
28866,28867,25148803,5.2,0.7000000000000002
28868,28869,25148808,1.4000000000000004,0.8
28870,28871,25148812,7.0,2.2666666666666666
28872,28873,25148889,2.0,0.0
28878,28879,25149001#3,12.0,0.6964285714285714
28880,28881,25149001#4,15.0,2.150246305418719
28882,28883,25149001#5,4.0,8.06236559139785
28888,28889,25149251#0,21.4,1.5833333333333324
28890,28891,25149251#1,31.0,3.7666666666666657
28892,28893,25149251#2,15.0,0.0
28894,28895,25149251#3,40.800000000000004,22.916666666666657
28896,28897,25149251#4,2.2,0.19999999999999996
28898,28899,25171366#1,23.0,6.5666666666666655
28900,28901,25171366#2,9.0,1.7636363636363637
28904,28905,25182154,18.0,0.0
28908,28909,25184651#0,11.0,0.33333333333333304
28910,28911,25184651#1,7.0,0.0
28914,28915,25184664#0,9.8,2.9166666666666665
28916,28917,25184664#1,4.0,0.0
28922,28923,25187891,30.0,87.5
28924,28925,25187892,18.6,1.0
28928,28929,25187894,2.0,0.0
28938,28939,25188976#1,17.4,1.6666666666666667
28940,28941,25188977,12.0,11.944736842105264
28944,28945,25188978#1,11.0,0.0
28946,28947,25188978#3,31.0,16.33333333333333
28952,28953,25188982#1,6.0,0.5631448347916939
28954,28955,25188986#0,33.0,41.33333333333333
28956,28957,25188986#1,16.8,1.619047619047618
28958,28959,25190140#0,14.4,1.8777777777777773
28960,28961,25190140#1,20.0,1.1428571428571428
28962,28963,25190140#2,2.0,13.839285714285714
28964,28965,25192758,2.0,0.26224369857646596
28966,28967,25194376#0,9.0,0.0
28968,28969,25194376#1,12.8,0.5
28970,28971,25194376#2,2.2,0.20000000000000004
28972,28973,25195266#0,8.0,1.4666666666666666
28976,28977,25195266#2,10.0,0.3333333333333335
28978,28979,25195313#0,15.0,1.333333333333333
28980,28981,25195313#1,8.0,0.0
28982,28983,25195313#2,8.0,2.2666666666666666
28984,28985,25195391#0,10.0,0.3333333333333335
28986,28987,25195391#1,20.6,1.0
28988,28989,25195391#2,11.0,1.2
28990,28991,25209894#0,12.6,7.0
28992,28993,25209894#1,9.0,1.0714285714285716
28994,28995,25216322,22.6,2.0
28996,28997,25316895,3.0,0.48522588522588506
28998,28999,25316932#2,8.0,0.5285592497868714
29000,29001,25316932#3,14.0,2.7878787878787867
29002,29003,25316932#4,12.0,2.2728370221327965
29004,29005,25316932#5,5.0,0.42447241762310245
29006,29007,25316932#6,6.0,0.5350085910652921
29008,29009,25316932#7,15.0,13.04842767295598
29010,29011,25316932#8,1.0,5.221183800623052
29012,29013,253294209#1,4.0,0.0
29014,29015,253294209#2,2.6000000000000014,4.0
29016,29017,253294209#3,5.0,1.0666666666666664
29018,29019,25331328#1,13.0,2.0904761904761906
29020,29021,25331328#2,2.0,1.2105263157894737
29022,29023,25331328#3,6.2,0.8444444444444447
29024,29025,25331328#4,2.0,0.25
29026,29027,25331328#5,17.4,4.5
29028,29029,25331328#6,3.0,0.0
29030,29031,25331328#7,4.0,1.3333333333333333
29032,29033,25331996#1,38.8,24.916666666666668
29036,29037,25341073#0,7.0,0.5079365079365074
29038,29039,25341073#1,8.0,0.5591397849462365
29042,29043,25341073#11,6.0,0.0
29044,29045,25341073#12,3.0,0.0
29046,29047,25341073#13,10.6,2.0
29048,29049,25341073#14,12.0,0.0
29050,29051,25341073#2,4.0,0.2803030303030303
29052,29053,25341073#3,6.0,0.39215686274509803
29054,29055,25341073#4,6.0,0.677809388335704
29056,29057,25341073#7,10.0,0.0
29062,29063,25341141#0,13.0,2.1258152745634327
29064,29065,25341141#2,7.0,1.02974828375286
29066,29067,25344434#0,4.0,0.33333333333333326
29068,29069,25344434#1,3.0,0.0
29070,29071,25344434#2,6.0,0.0
29072,29073,25344436,9.0,0.6470588235294118
29074,29075,25344437#0,61.0,1460.2666666666669
29076,29077,25344437#2,4.0,1.8666666666666665
29078,29079,25344437#3,3.2,0.20000000000000004
29080,29081,25344437#4,6.0,0.25000000000000006
29082,29083,25344437#5,4.4,0.6666666666666666
29084,29085,25344437#6,4.0,0.0
29086,29087,25344437#7,7.0,0.8713450292397661
29088,29089,25344437#8,4.0,0.446969696969697
29090,29091,25344439#0,6.200000000000001,0.9763157894736842
29092,29093,25344439#1,5.0,1.111111111111111
29096,29097,25344452#0,7.0,0.0
29098,29099,25344452#1,3.0,0.0
29100,29101,25344542#0,8.0,0.0
29102,29103,25344542#1,1.0,0.0
29104,29105,25344542#2,2.0,0.0
29106,29107,25344542#3,2.0,0.0
29108,29109,25344542#4,4.0,0.0
29110,29111,25363743#1,8.0,0.0
29114,29115,25363743#3,1.0,0.0
29116,29117,25363743#4,1.0,0.0
29122,29123,25363746,17.0,0.0
29128,29129,25366186#1,49.8,60.5
29132,29133,25366901#1,10.6,4.333333333333332
29134,29135,25366901#3,5.6,2.0
29136,29137,25375417#1,7.6,1.0
29138,29139,25375417#10,6.4,1.583333333333333
29140,29141,25375417#11,6.0,0.0
29142,29143,25375417#12,3.0,0.0
29144,29145,25375417#13,9.0,0.0
29148,29149,25375417#3,5.0,0.0
29150,29151,25375417#4,4.6,0.3333333333333335
29152,29153,25375417#7,8.6,0.33333333333333304
29154,29155,25375417#8,9.2,0.5000000000000001
29156,29157,25375417#9,26.2,8.0
29158,29159,25375770#0,9.8,0.6666666666666669
29160,29161,25375770#1,7.6,2.0
29162,29163,25375770#2,14.0,0.8589743589743587
29164,29165,25375770#3,6.0,0.4545454545454545
29166,29167,25375770#4,3.0,0.27272727272727265
29168,29169,25375770#5,5.0,0.4952380952380952
29170,29171,25375770#6,8.0,0.9230769230769228
29172,29173,25375770#7,1.0,0.09090909090909093
29174,29175,25375770#8,3.0,0.5714285714285714
29176,29177,25375814#1,11.0,0.0
29180,29181,25377287#0,8.0,0.6014492753623187
29182,29183,25377287#2,8.0,1.3025362318840583
29184,29185,25377287#3,4.0,0.4275362318840579
29186,29187,25377287#4,2.0,0.3025362318840579
29188,29189,25377287#5,17.0,3.814229249011859
29190,29191,25377287#6,18.8,3.610294117647057
29192,29193,25377287#7,15.200000000000001,2.2666666666666666
29194,29195,25377287#8,5.0,0.24999999999999992
29196,29197,25380714#1,22.8,4.333333333333331
29198,29199,25380898#0,12.6,1.0
29206,29207,25488690#0,4.2,1.3333333333333335
29208,29209,25488690#1,2.0,0.0
29210,29211,25488693#1,4.2,0.3222222222222222
29212,29213,25488710#0,3.4000000000000004,1.5833333333333333
29214,29215,25488710#1,4.0,0.24999999999999997
29216,29217,25488710#2,19.0,0.0
29218,29219,25488710#3,4.4,0.6666666666666666
29220,29221,25488710#4,4.0,0.3333333333333333
29222,29223,25488710#5,18.0,0.0
29224,29225,25503467#1,53.0,0.0
29226,29227,25503468#0,24.0,0.0
29228,29229,25503468#1,14.400000000000007,365.69999999999993
29236,29237,25534317#0,19.0,0.0
29238,29239,25534317#1,10.0,1.8666666666666665
29240,29241,25534318,14.0,0.0
29246,29247,25543966#0,4.0,0.33333333333333337
29248,29249,25543966#2,28.6,24.5
29252,29253,25543966#4,9.6,0.3333333333333335
29254,29255,25543966#5,12.8,0.5
29256,29257,25543966#6,15.0,0.0
29258,29259,25543980#0,2.0,0.18382352941176475
29260,29261,25543980#1,3.0,0.26249999999999996
29262,29263,25543980#10,78.0,1253.3978494623655
29264,29265,25543980#2,2.0,0.25
29266,29267,25543980#3,5.0,0.5142857142857143
29268,29269,25543980#5,4.0,0.3188405797101452
29270,29271,25543980#6,3.0,0.3551724137931036
29272,29273,25543980#7,4.0,20.441379310344818
29274,29275,25543980#8,2.0,0.4516129032258063
29276,29277,25543980#9,3.0,53.4989247311828
29282,29283,25544013#10,3.8000000000000007,1.5833333333333333
29284,29285,25544013#11,5.800000000000001,1.0000000000000002
29286,29287,25544013#2,1.0,0.0
29290,29291,25544013#4,2.0,0.0
29294,29295,25544013#6,2.6,1.0
29296,29297,25544013#8,3.4000000000000004,0.6666666666666666
29298,29299,25573246#0,6.0,2.1291666666666664
29300,29301,25573246#1,12.0,2.1666666666666656
29302,29303,25573254#0,8.0,0.8571428571428568
29304,29305,25573254#1,5.6,0.33333333333333326
29306,29307,25573254#2,5.0,2.166666666666666
29308,29309,25573254#3,5.0,0.0
29310,29311,25573260#0,7.800000000000002,2.8392857142857144
29312,29313,25573260#1,6.0,0.3333333333333335
29314,29315,25573260#2,11.0,0.0
29316,29317,25573267#0,19.200000000000003,11.300000000000002
29318,29319,25573267#1,8.0,1.142857142857143
29320,29321,25573267#2,23.0,7.700000000000001
29322,29323,25595895#0,15.8,4.333333333333334
29324,29325,25595895#1,17.200000000000006,43.57142857142858
29326,29327,25595931,13.0,0.9166666666666662
29328,29329,25596851#0,18.4,27.444444444444443
29330,29331,25596851#1,4.0,0.125
29332,29333,25596851#2,6.0,0.47272727272727266
29334,29335,25596851#3,3.0,0.16363636363636364
29336,29337,25596851#4,2.0,0.0
29338,29339,25596851#5,3.0,0.302536231884058
29340,29341,25596851#6,9.0,7.923684210526316
29342,29343,25596855,31.0,9.0
29344,29345,25596861#0,24.6,12.553571428571429
29346,29347,25596861#1,8.8,1.5833333333333333
29348,29349,25596861#2,20.200000000000003,8.25
29350,29351,25596974#0,35.0,12.0
29352,29353,25596974#1,5.0,0.25000000000000006
29354,29355,25596993#0,6.0,0.26515151515151514
29356,29357,25596993#1,6.0,0.8380952380952381
29358,29359,25596993#2,5.0,0.41830065359477137
29360,29361,25596993#3,2.0,0.11764705882352941
29362,29363,25596993#4,3.0,0.766798418972332
29364,29365,25596993#5,2.0,0.24761904761904763
29366,29367,25596993#6,5.0,0.4476190476190475
29368,29369,25596993#7,2.0,0.20948616600790518
29370,29371,25597196#0,6.0,3.1944444444444446
29372,29373,25597196#1,6.0,0.0
29374,29375,25597196#2,13.600000000000001,1.6428571428571428
29376,29377,25597196#4,14.8,0.6666666666666666
29378,29379,25597196#5,11.0,1.8333333333333337
29380,29381,25597196#6,5.8,0.5
29384,29385,25597196#9,17.8,4.699999999999999
29386,29387,25597372,12.0,115.07272727272725
29388,29389,25616917,1.0,0.0
29390,29391,25616922#0,8.0,0.24999999999999986
29392,29393,25616922#1,5.0,0.2678571428571428
29394,29395,25616922#3,7.0,0.6964285714285715
29396,29397,25616922#4,3.0,0.30000000000000004
29398,29399,25616922#5,1.0,0.0
29400,29401,25616922#6,6.0,0.5666666666666667
29402,29403,25616922#7,10.0,1.0
29404,29405,25616922#8,7.0,0.24999999999999992
29406,29407,25623125#0,7.0,0.6602870813397128
29408,29409,25623125#1,2.0,0.19760029996250475
29410,29411,25623125#2,7.0,0.7310336207974002
29412,29413,25623125#3,9.0,0.9026031746031749
29414,29415,25623125#4,9.0,1.6481609993060373
29416,29417,25623126#1,7.0,1.2
29418,29419,25623126#2,5.8,0.5
29420,29421,25623126#3,12.4,4.5
29422,29423,25623126#4,4.8,0.5
29424,29425,25623127#0,4.4,4.5
29426,29427,25623127#1,5.0,0.0
29430,29431,25623128#1,13.8,0.5
29434,29435,25623128#3,6.800000000000001,1.9999999999999998
29436,29437,25623128#4,7.2,1.3777777777777775
29438,29439,25623128#5,16.0,2.8749999999999996
29440,29441,25623128#6,21.200000000000003,96.23529411764706
29442,29443,25623134#0,1.0,0.22727272727272727
29444,29445,25623134#1,3.0,0.3010101010101009
29446,29447,25623134#2,3.0,0.21919191919191922
29448,29449,25623134#3,5.0,0.5502645502645501
29450,29451,25623135#0,7.0,0.6206425153793574
29452,29453,25623135#2,5.0,0.46693657219973
29454,29455,25623135#3,3.0,0.11764705882352935
29456,29457,25623135#4,4.0,0.2590579710144928
29458,29459,25623135#5,3.0,0.19047619047619047
29460,29461,25623139,11.0,4.2816091954022975
29464,29465,25625950#0,7.0,0.2651515151515152
29466,29467,25625950#1,6.600000000000001,0.9743589743589743
29470,29471,25626411,4.0,0.35963890506697704
29472,29473,25626559#0,4.800000000000001,0.5216450216450217
29474,29475,25626559#2,4.6000000000000005,0.21428571428571425
29476,29477,25626559#3,6.0,0.19999999999999996
29478,29479,25626605#0,15.0,2.361111111111111
29480,29481,25626605#1,5.2,0.7666666666666667
29482,29483,25626605#2,6.0,0.36363636363636365
29484,29485,25626605#3,10.8,1.1428571428571421
29486,29487,25626605#4,8.0,0.0
29488,29489,25626614#0,5.2,1.3333333333333335
29490,29491,25626614#1,3.0,0.20000000000000004
29492,29493,25626614#2,6.8,0.5
29494,29495,25626614#3,19.2,8.0
29496,29497,25626620#0,2.0,0.16363636363636364
29498,29499,25626620#1,4.0,0.0
29500,29501,25626620#2,9.6,2.0
29502,29503,25626622#0,4.0,3.014705882352941
29504,29505,25626622#1,7.0,5.066666666666666
29506,29507,25626622#2,5.0,0.0
29508,29509,25626777#0,11.0,0.2777777777777778
29510,29511,25626777#1,2.0,0.0
29514,29515,25638462#0,9.0,0.7114624505928858
29516,29517,25638462#1,16.0,2.5861538461538465
29518,29519,25638462#2,7.0,0.5433333333333333
29520,29521,25638462#3,8.200000000000003,0.4933333333333334
29522,29523,25638462#4,10.0,1.209486166007906
29524,29525,25638463#0,1.0,0.0
29526,29527,25638463#1,3.0,0.16666666666666669
29530,29531,25638468,2.0,0.5681818181818182
29532,29533,25638471#0,10.4,2.3
29534,29535,25638471#2,7.0,1.5555555555555554
29536,29537,25638471#3,7.2,0.6777777777777776
29538,29539,25638471#4,5.0,0.4890109890109891
29540,29541,25638471#5,1.0,0.0
29542,29543,25638471#6,2.0,0.0
29544,29545,25638471#7,3.0,0.2
29546,29547,25638471#8,3.0,0.33333333333333326
29548,29549,25638471#9,1.0,0.0
29552,29553,25638475,3.0,0.0
29554,29555,25638527,5.0,0.7261735419630156
29556,29557,25638529,15.4,2.9999999999999987
29564,29565,25638625,13.8,0.5
29568,29569,25638632,8.6,1.0
29572,29573,25638649,11.0,0.9619047619047624
29580,29581,25638761#0,9.0,0.6363636363636365
29582,29583,25638761#2,7.0,0.4555555555555555
29584,29585,25638761#4,7.0,1.2152923538230878
29586,29587,25638761#5,3.0,0.3562335041142681
29588,29589,25638761#6,22.0,59.76825933075933
29592,29593,25640093#0,10.600000000000001,0.7857142857142856
29594,29595,25640093#1,13.4,4.065934065934067
29596,29597,25640093#2,6.0,0.30000000000000004
29598,29599,25640093#3,35.0,0.0
29600,29601,25640093#4,17.0,0.0
29602,29603,25640093#5,15.0,0.0
29604,29605,25640093#6,9.8,0.5
29606,29607,25640093#7,16.0,3.366666666666666
29608,29609,25640093#8,6.800000000000002,32.01111111111111
29610,29611,25640094,43.0,0.3333333333333339
29612,29613,25640097#0,8.2,0.20000000000000007
29614,29615,25640097#1,14.0,1.866666666666666
29618,29619,25640098#1,14.0,0.0
29620,29621,25640099#0,5.0,3.0
29622,29623,25640099#1,12.0,2.1666666666666656
29624,29625,25640145#0,9.0,1.6727272727272726
29626,29627,25640145#1,6.0,0.7111111111111112
29628,29629,25640145#2,9.0,1.6666666666666663
29630,29631,25640145#3,2.4000000000000004,0.24999999999999997
29632,29633,25640145#4,5.4,2.3000000000000003
29634,29635,25640145#5,11.8,4.700000000000001
29636,29637,25640146,11.0,1.766666666666667
29638,29639,25640147#0,15.4,16.666666666666668
29640,29641,25640147#1,9.0,2.25
29642,29643,25640148#0,10.0,0.8947368421052635
29644,29645,25640148#1,5.0,1.6047430830039529
29646,29647,25640148#2,11.0,0.6222222222222223
29648,29649,25640148#3,11.0,0.21428571428571447
29650,29651,25640149,32.4,4.5
29652,29653,25640150,20.800000000000004,6.644957033016737
29654,29655,25640151,13.0,2.74
29656,29657,25640157#0,9.0,1.4138477801268503
29658,29659,25640157#1,9.0,1.1225071225071228
29660,29661,25640157#2,17.0,3.76470588235294
29662,29663,25640375#0,5.0,0.36764705882352944
29664,29665,25640375#1,9.0,2.0000000000000004
29666,29667,25640375#2,4.0,0.0
29668,29669,25640375#3,9.0,0.3333333333333335
29672,29673,25650588#0,3.0,3.423034330011074
29674,29675,25650588#1,14.0,3.174242424242424
29676,29677,25650588#2,4.0,0.3
29678,29679,25650588#3,12.0,0.0
29680,29681,25650588#4,7.8,0.5
29682,29683,25665370#0,12.0,1.529411764705882
29684,29685,25665370#1,21.0,2.5964912280701764
29686,29687,25665374,222.20000000000005,14157.295454545458
29688,29689,25665375#0,14.0,2.885885885885886
29690,29691,25665375#1,19.6,1.0
29692,29693,25665377,35.0,0.0
29694,29695,25665412#0,20.0,3.2173913043478217
29696,29697,25665412#1,94.4,34.40109890109888
29698,29699,25665412#2,45.2,6.980952380952381
29700,29701,25665412#3,24.0,5.904411764705884
29702,29703,25665421#0,21.6,2.6025641025641
29704,29705,25665421#1,19.2,1.2999999999999998
29706,29707,25665421#2,6.0,0.0
29708,29709,25665421#3,8.0,0.0
29710,29711,25665421#4,6.0,0.0
29712,29713,25665421#5,9.0,0.0
29728,29729,25689281#1,12.0,1.955167770171698
29730,29731,25689281#2,4.0,0.7001503585473052
29732,29733,25689281#3,6.0,1.7606290817006534
29734,29735,25689281#4,5.0,1.0008984725965853
29736,29737,25699357#0,12.0,2.0
29738,29739,25699357#1,4.0,0.25000000000000006
29740,29741,25699357#2,6.800000000000001,1.9523809523809528
29742,29743,25699357#3,4.0,0.49999999999999994
29744,29745,25699357#4,6.0,2.0545454545454547
29746,29747,25705489#0,50.6,30.61904761904761
29756,29757,25705904#0,1.0,0.08956228956228955
29758,29759,25705904#1,16.0,3.2107744107744094
29760,29761,25705905,6.0,0.5717514124293787
29764,29765,25730198,4.0,1.5147058823529413
29766,29767,257907860,42.0,270.69008475441626
29768,29769,257907861,7.0,1.4095238095238096
29770,29771,25794504#1,14.0,2.2829137162339364
29772,29773,25794504#2,13.0,1.565906970545115
29774,29775,25796375#1,7.0,5.704887218045113
29776,29777,25796375#2,17.200000000000003,5.598367346938777
29778,29779,25796388,14.0,2.3999999999999995
29780,29781,25796398#0,8.0,108.88206141302487
29782,29783,25796398#1,56.0,608.3409004853539
29784,29785,25796964#0,16.200000000000003,4.142857142857144
29786,29787,25796964#1,17.200000000000003,3.5833333333333335
29788,29789,25797084#0,13.0,4.266666666666666
29790,29791,25797084#1,6.0,0.9523809523809524
29792,29793,25797084#2,14.400000000000002,2.9523809523809526
29794,29795,25797090#0,25.400000000000006,138.22139948167342
29796,29797,25797295#0,10.0,0.7136633663366332
29798,29799,25797315#0,19.0,6.532763532763533
29800,29801,25797315#1,23.0,6.200000000000003
29802,29803,25797315#2,24.0,486.77217125382265
29806,29807,25797433#0,20.4,5.873626373626373
29808,29809,25797433#1,18.0,2.4766666666666644
29810,29811,25797433#2,7.0,0.7631822386679005
29812,29813,25797433#3,61.0,2083.3835294117644
29814,29815,25801550#0,1.8,0.5
29816,29817,25801550#1,3.0,0.0
29818,29819,25801550#2,11.0,1.4999999999999996
29820,29821,25801550#3,4.8,0.5
29822,29823,25801550#4,4.0,0.0
29830,29831,25801569,11.400000000000002,5.983695652173912
29832,29833,25801580#0,3.0,0.0
29836,29837,25801580#2,8.0,2.3
29838,29839,25801655#0,8.0,0.0
29856,29857,25850446,2.4000000000000004,0.32163742690058483
29858,29859,25869404#0,4.0,1.4333333333333333
29860,29861,25869404#1,13.0,3.4727272727272736
29862,29863,25869404#4,5.0,0.0
29864,29865,25869404#5,6.0,0.0
29866,29867,25889271#0,6.0,0.0
29870,29871,25895864#0,12.6,0.3333333333333335
29872,29873,25895864#1,15.4,4.5
29874,29875,25895943#0,9.400000000000002,0.9782608695652171
29876,29877,25895943#1,16.0,3.58498023715415
29878,29879,25895943#2,13.0,1.8142857142857145
29880,29881,25895945#0,9.0,1.323529411764706
29882,29883,25895945#1,10.0,0.8070175438596493
29884,29885,25895945#2,23.0,121.42396694214882
29886,29887,25895947#0,29.0,8.238095238095239
29888,29889,25895947#1,20.0,2.1944444444444446
29890,29891,25895961,28.0,9.763736263736265
29892,29893,25895966#0,6.0,1.3981900452488691
29894,29895,25895966#1,3.0,0.2901960784313725
29896,29897,25895966#2,2.0,0.23044397463002111
29898,29899,25895966#3,4.0,0.33562367864693443
29900,29901,25895966#5,6.0,728.6890243902436
29902,29903,25895966#6,1058.0,241188.1584313725
29904,29905,25895966#7,294.6,19775.31851851852
29906,29907,25901651#0,12.0,1.4199134199134196
29908,29909,25901651#1,5.0,118.37666666666665
29910,29911,25901651#2,230.0,58470.95590327169
29912,29913,25901651#3,562.0,152907.64032634033
29914,29915,25901651#4,1009.4000000000001,264932.60360360355
29916,29917,25901651#5,1814.0,421737.3227364184
29918,29919,25901682,11.000000000000004,32.25
29920,29921,25901699,12.0,1.3611111111111116
29922,29923,25901702,13.0,1.238095238095238
29924,29925,25901706,16.0,0.0
29926,29927,25902499,7.6000000000000085,237.62055903866252
29928,29929,25902499.18,5.0,194.18925421010428
29930,29931,25902677#1,15.0,1839.4099130329043
29934,29935,25902795#1,5.0,0.0
29938,29939,25955082#0,15.0,3.7166666666666663
29940,29941,25955082#1,14.8,2.666666666666666
29942,29943,25955083#0,5.0,0.33333333333333326
29944,29945,25955083#1,3.0,0.0
29946,29947,25955083#2,10.6,2.0
29948,29949,25955083#4,26.4,4.666666666666668
29950,29951,25955084#1,24.0,0.0
29952,29953,25955085,34.0,131.06775510204085
29954,29955,25955087#0,5.0,113.0151515151515
29956,29957,25955087#1,7.0,0.6438746438746439
29958,29959,25955087#2,6.0,0.6944444444444444
29960,29961,25955089,3.0,22.966394653987017
29962,29963,25955175#0,11.0,93.47640653357531
29964,29965,25955175#1,10.0,1.6493987049028676
29966,29967,25955175#2,2.0,0.06105457909343206
29968,29969,25955175#3,16.60000000000005,123.76445578231294
29970,29971,25955318#0,4.0,2.102564102564102
29972,29973,25955318#1,11.8,3.0
29974,29975,25974839#1,5.0,1.0434782608695654
29976,29977,25974839#2,3.0,0.26666666666666666
29980,29981,25974839#4,11.6,0.3333333333333335
29982,29983,25974839#5,12.0,2.818783068783069
29984,29985,25974839#6,3.0,0.18386243386243387
29986,29987,25993505#1,9.0,4.204545454545454
29988,29989,25993505#2,4.6,1.0
29990,29991,25993505#3,3.0,0.0
29992,29993,25993505#4,4.4,2.8
29994,29995,25993505#5,6.4,1.6666666666666672
29996,29997,26071515#0,3.0,0.6067150147730324
29998,29999,26071515#1,7.0,1.5683539427558841
30002,30003,26134440#0,8.8,0.5
30004,30005,26134440#1,7.4,0.6666666666666666
30006,30007,26134440#2,9.0,0.0
30020,30021,26134468#2,6.0,0.3
30030,30031,26134499#0,4.0,0.0
30032,30033,26134499#1,16.4,2.3
30034,30035,26134507#0,17.0,5.944444444444445
30036,30037,26134507#1,16.2,4.0555555555555545
30038,30039,26134542#0,25.0,0.0
30042,30043,26134542#2,14.0,0.0
30044,30045,26134546#0,9.0,0.0
30046,30047,26134546#1,10.0,0.0
30048,30049,26135504#0,8.0,0.0
30050,30051,26135504#1,5.0,0.0
30052,30053,26135504#2,4.0,0.0
30054,30055,26135505,22.0,0.0
30056,30057,26135510#0,6.8,0.5
30058,30059,26135510#1,7.6,0.3333333333333335
30060,30061,26135517,9.2,1.333333333333334
30062,30063,26135523#0,5.0,0.3333333333333333
30064,30065,26135523#1,2.0,0.0
30068,30069,261386207#1,17.0,0.0
30070,30071,261386347#0,9.0,0.0
30072,30073,261386347#1,7.0,0.0
30074,30075,261445607#0,6.4,0.6666666666666666
30076,30077,261445607#1,5.0,0.0
30078,30079,261448661,30.0,4.566666666666666
30080,30081,261448764#1,15.4,1.5833333333333333
30082,30083,261448764#2,11.0,1.3333333333333333
30084,30085,261448764#3,4.0,0.20000000000000004
30086,30087,261448764#4,12.0,1.2857142857142854
30088,30089,261448764#5,17.8,3.4852941176470593
30090,30091,261448764#6,8.0,1.4210526315789471
30092,30093,26176222#0,20.0,2.5714285714285707
30094,30095,26176222#1,8.0,0.5535714285714285
30096,30097,26176222#2,17.0,0.9888888888888885
30098,30099,26176223#0,8.0,0.4999999999999999
30100,30101,26176223#1,25.0,2.267857142857143
30102,30103,26176224#0,7.800000000000001,2.9166666666666665
30104,30105,26176224#1,8.0,0.6999999999999997
30106,30107,26176224#2,10.0,4.382352941176471
30108,30109,26176225#0,10.0,5.066666666666666
30110,30111,26176225#1,6.800000000000001,0.6666666666666666
30112,30113,26176225#3,2.6,1.0
30114,30115,26176225#4,3.6,2.0
30116,30117,26176225#5,7.4,1.6666666666666672
30118,30119,26176229,16.4,4.5
30120,30121,26179010,8.4,0.25000000000000017
30124,30125,26180725,85.0,0.0
30126,30127,26180727,25.0,0.0
30128,30129,26180731#0,6.000000000000011,198.51147098515517
30130,30131,26180731#1,14.4,4.5
30132,30133,26180732,14.0,0.0
30138,30139,26180733#2,3.0,0.0
30140,30141,26180733#3,3.0,1.0
30142,30143,26219867,31.6,2.0
30144,30145,26219868,40.0,0.0
30146,30147,26219869#0,51.2,24.809523809523796
30148,30149,26219869#1,11.8,1.3333333333333337
30150,30151,26219869#2,15.4,2.7999999999999994
30152,30153,26219870#1,38.4,4.5
30154,30155,26219870#2,68.6,2.0
30156,30157,26219871#0,23.6,4.91025641025641
30158,30159,26219871#1,13.0,1.2111111111111108
30160,30161,26220138#1,3.0,0.0
30162,30163,26220138#2,5.0,0.0
30168,30169,26224134#0,9.0,0.8738461538461537
30170,30171,26224134#1,9.0,0.9704433497536946
30172,30173,26224134#2,13.0,1.6059113300492616
30174,30175,26224442,5.0,0.44421315118989546
30176,30177,26224444#0,67.0,87.69444444444441
30178,30179,26224546#1,4.4,9323.733333333332
30180,30181,26224547,27.0,0.0
30182,30183,26224548,31.8,18.0
30186,30187,262722743,2.0,0.0
30188,30189,262722744,20.0,0.0
30190,30191,26288510#0,3.0,1.6068840579710149
30192,30193,26288510#1,11.2,1.333333333333334
30194,30195,26320091,3.0,0.4323866239120475
30212,30213,26334127,22.0,5.3620689655172455
30216,30217,26334132#0,13.0,16.622222222222227
30218,30219,26334132#1,19.0,175.05494505494502
30220,30221,26334133#0,8.0,1.2516233766233764
30222,30223,26334133#1,10.0,0.9878787878787877
30224,30225,26334133#2,6.0,0.6107617051013278
30226,30227,26334133#3,10.0,1.7074592074592105
30228,30229,26339174,19.0,8.799999999999997
30230,30231,26339462#0,3.0,3.200740055504163
30232,30233,26339462#1,1.0,0.0
30234,30235,26339462#2,4.0,0.46843853820598025
30236,30237,26339462#4,7.0,1.8859903381642507
30238,30239,26339463#0,25.0,6.09090909090909
30240,30241,26339463#1,3.0,0.2307692307692308
30242,30243,26339463#2,4.0,0.3000000000000001
30244,30245,26339463#3,3.0,0.6141141141141142
30246,30247,26339463#4,9.0,1.3477297895902542
30248,30249,26339463#5,14.0,2.358974358974358
30250,30251,26339463#6,2.0,0.20864991233196956
30252,30253,26339463#7,5.0,0.6505456349206352
30254,30255,26339463#8,5.0,0.880377524143986
30256,30257,26339463#9,13.0,0.3333333333333333
30258,30259,26339464#0,7.0,0.5615384615384614
30260,30261,26339464#1,11.0,1.0844155844155845
30262,30263,26339464#2,8.8,1.2647058823529413
30264,30265,26339464#3,5.0,0.7692307692307693
30266,30267,26339465,16.0,1.541501976284585
30268,30269,26339466,21.0,12.166666666666666
30270,30271,26339468#0,6.0,1.4285714285714288
30272,30273,26339468#1,4.0,0.2522522522522522
30274,30275,26339468#2,12.0,0.33333333333333304
30276,30277,26339470,8.0,0.0
30278,30279,26339471#0,6.0,0.3071428571428572
30280,30281,26339471#1,8.0,0.6428741800834826
30282,30283,26339471#2,1.0,0.07370699475962633
30284,30285,26339471#3,7.0,0.46644596566041946
30286,30287,26339471#4,5.0,0.32424950787401585
30288,30289,26339471#5,47.400000000000006,559.8969234496124
30290,30291,26339472#0,16.0,0.0
30292,30293,26339472#1,3.4000000000000004,0.19444444444444448
30294,30295,26339472#2,9.0,0.9444444444444441
30296,30297,26339472#3,12.0,1.9999999999999998
30298,30299,26339472#4,5.0,0.26666666666666655
30300,30301,26339472#5,43.0,333.8545454545454
30302,30303,26339473#0,14.0,2.2916666666666665
30306,30307,26339476#1,14.0,9.411764705882351
30308,30309,26339478#0,13.0,1.6666666666666674
30310,30311,26339478#1,4.0,0.30065359477124176
30312,30313,26339478#2,11.0,1.2280701754385965
30314,30315,26339478#3,10.0,0.8455882352941179
30316,30317,26339478#4,39.800000000000004,405.1111111111111
30320,30321,26339480#0,5.0,0.0
30322,30323,26339480#1,17.8,4.25
30324,30325,26339480#3,18.0,2.285714285714286
30326,30327,26339623#0,9.0,0.3333333333333333
30328,30329,26339623#2,6.8,0.5
30336,30337,26339623#6,2.0,0.6666666666666666
30338,30339,26339623#7,5.0,2.4
30340,30341,26339624#1,11.4,0.9166666666666665
30342,30343,26339624#2,9.8,1.5833333333333333
30346,30347,26339625#1,6.0,0.0
30348,30349,26339626#0,5.0,0.25000000000000006
30350,30351,26339626#1,3.4000000000000004,0.25000000000000006
30352,30353,26339627#0,0.8,0.5
30354,30355,26339627#1,16.8,8.916666666666666
30358,30359,26339627#3,5.0,0.0
30360,30361,26356902#0,34.0,4.25
30362,30363,26356902#1,21.0,7.699999999999999
30364,30365,26356922#1,7.0,0.24999999999999992
30368,30369,26358091#0,16.0,2.2666666666666666
30372,30373,263949099#0,2.8,0.5
30374,30375,26416597#1,22.0,0.0
30376,30377,26416598#0,18.0,7.356060606060606
30378,30379,26416599#0,11.0,1.3616734143049918
30380,30381,26416599#1,8.0,2.2111111111111112
30382,30383,26416600#0,34.6,6.238095238095236
30384,30385,26416600#1,7.0,0.6736353077816492
30386,30387,26416600#2,11.800000000000004,1.180603948896631
30390,30391,26416601#1,34.400000000000006,32.916666666666664
30392,30393,26416602#0,9.0,0.9291666666666668
30394,30395,26416602#1,8.6,0.3333333333333335
30396,30397,26416602#2,10.0,0.9999999999999999
30398,30399,26416602#3,5.6,1.0
30400,30401,26416602#4,8.8,1.142857142857143
30402,30403,26416602#5,5.8,0.5
30404,30405,26416602#6,7.6,1.0
30406,30407,26416603#0,9.0,2.897435897435898
30408,30409,26416603#1,8.0,0.6111111111111114
30410,30411,26416603#10,2.0,0.0
30412,30413,26416603#11,1.6,0.33333333333333337
30414,30415,26416603#12,8.0,1.0714285714285716
30416,30417,26416603#2,3.0,0.4444444444444444
30418,30419,26416603#3,3.0,0.14285714285714293
30420,30421,26416603#4,2.0,0.4
30422,30423,26416603#5,6.0,1.1
30424,30425,26416603#6,4.2,0.4999999999999999
30426,30427,26416603#7,3.6,0.33333333333333337
30428,30429,26416603#8,5.0,0.33333333333333326
30430,30431,26416603#9,2.6,2.0
30434,30435,26416604#1,10.6,1.0
30436,30437,26416605#0,7.0,0.0
30438,30439,26416605#1,8.0,0.4761904761904761
30440,30441,26416605#2,18.0,0.0
30442,30443,26416606#0,8.0,0.3333333333333333
30444,30445,26416606#1,7.0,0.1666666666666666
30446,30447,26416606#2,12.8,1.5378787878787883
30448,30449,26416606#3,5.0,0.2307692307692307
30450,30451,26416607,16.0,2.285714285714286
30452,30453,26438879#0,4.2,0.19999999999999996
30454,30455,26438879#1,5.0,0.0
30456,30457,26438879#2,2.0,0.0
30458,30459,26438880#0,11.6,0.33333333333333304
30470,30471,26438881#5,2.0,0.0
30472,30473,26438881#6,19.0,7.14285714285714
30476,30477,26438883#1,1.0,0.0
30478,30479,26438884#1,9.0,5.333333333333333
30480,30481,26438884#2,9.8,1.3897058823529411
30482,30483,26438884#3,5.0,0.457142857142857
30484,30485,26438884#4,3.0,0.2727272727272726
30486,30487,26438884#5,15.0,3.6
30488,30489,26438884#6,4.0,0.5666666666666667
30490,30491,26438884#7,3.0,0.3
30492,30493,26438884#8,4.800000000000001,1.0000000000000002
30494,30495,26438885#1,15.0,0.0
30496,30497,26438885#2,3.0,0.0
30500,30501,26451325#1,12.0,21.79302987197724
30502,30503,26451325#2,21.0,13.0
30504,30505,26451326,20.0,5.0
30506,30507,26451327#1,6.0,4.528409090909092
30508,30509,26451327#10,4.0,2.25
30510,30511,26451327#11,4.0,0.25000000000000006
30512,30513,26451327#12,3.0,0.15384615384615385
30514,30515,26451327#13,4.0,0.125
30516,30517,26451327#14,3.0,0.4761904761904761
30518,30519,26451327#15,3.0,0.0
30522,30523,26451327#17,5.0,12.5
30524,30525,26451327#18,4.0,2.3
30526,30527,26451327#19,18.0,113.05454545454545
30528,30529,26451327#2,11.4,1.9239766081871343
30530,30531,26451327#4,3.0,0.0
30532,30533,26451327#6,3.0,0.0
30534,30535,26451327#8,2.0,0.2678571428571429
30536,30537,26471752#1,12.800000000000004,38.72938443670151
30538,30539,26471752#2,10.0,0.7874564459930313
30540,30541,26471752#3,2.0,0.35913978494623644
30542,30543,26471752#4,3.6000000000000014,0.24110671936758898
30544,30545,26471752#5,4.0,0.2307692307692308
30548,30549,26471932#0,23.0,146.40650681076207
30550,30551,26471933,4.8,0.5
30552,30553,26471934#1,5.0,0.5333333333333333
30554,30555,26471934#2,17.2,4.01111111111111
30556,30557,26471934#3,4.0,0.6
30558,30559,26471935#0,4.0,0.20467836257309943
30560,30561,26471935#1,7.0,0.7958333333333336
30562,30563,26471935#2,9.2,1.3888888888888893
30564,30565,26471935#3,15.0,2.249999999999999
30566,30567,26471936#0,8.0,2.3
30568,30569,26471936#1,5.0,0.24999999999999992
30570,30571,26471936#2,13.2,2.0999999999999996
30572,30573,26471936#3,5.0,0.2777777777777778
30574,30575,26471937#0,2.0,0.25
30576,30577,26471937#1,4.6,1.0
30578,30579,26471937#2,15.0,8.333333333333332
30580,30581,26471937#3,13.2,4.3
30584,30585,26471940#1,5.0,0.296007527893534
30586,30587,264743653#1,87.6,14.333333333333343
30588,30589,264743654,43.4,5.666666666666667
30590,30591,26546530#1,3.0,0.6798029556650247
30592,30593,26546533,5.0,0.2335852621634389
30594,30595,26546601,17.0,1.9262415515721416
30596,30597,26546602,17.0,2.262497541789578
30598,30599,26546603,5.0,0.2808857808857808
30600,30601,26546605,4.0,0.9657724329324701
30602,30603,26546606,4.0,0.47272727272727255
30604,30605,26546610,2.0,0.28571428571428575
30606,30607,26554544#1,3.0,0.24999999999999997
30608,30609,26554545#0,6.0,0.0
30612,30613,26554546,2.0,0.33333333333333337
30614,30615,26574714#1,9.600000000000001,10880.410714285714
30616,30617,26574714#2,13.0,0.0
30622,30623,26574714#7,22.0,3.6666666666666665
30624,30625,26574716#1,5.0,0.0
30628,30629,26574716#3,6.8,0.5
30630,30631,26574717,1.0,1.0727272727272728
30632,30633,26597826#0,3.8,0.5
30634,30635,26597826#1,18.0,0.0
30636,30637,26642300#2,8.0,0.0
30640,30641,26642301#0,7.4,0.6666666666666666
30644,30645,26642302#0,7.0,0.0
30648,30649,26642303#0,48.0,0.0
30650,30651,26642304#0,1.8,0.5
30652,30653,26642304#2,6.0,0.0
30654,30655,26642305#1,19.0,0.0
30656,30657,26642306#0,23.8,6.611111111111107
30662,30663,26642362#0,10.8,2.6666666666666665
30664,30665,26642362#1,19.0,6.0181818181818185
30666,30667,26642362#2,8.2,0.9444444444444444
30668,30669,26642362#3,9.2,10.1
30670,30671,26642362#4,2.8000000000000007,99.0
30672,30673,26642362#5,2.0,48.181818181818194
30676,30677,26642373#0,23.0,3.0
30678,30679,26642373#1,9.0,0.30000000000000004
30680,30681,26642373#2,10.0,2.6190476190476186
30682,30683,26642373#3,9.4,0.6944444444444443
30684,30685,26642374,10.2,8.0
30686,30687,26642481,14.0,0.0
30688,30689,266507532,8.0,0.8259667918849565
30692,30693,266507534,118.0,395.478978978979
30694,30695,266507535,27.0,9.731487113586066
30696,30697,266507536,9.0,12.112560054907346
30698,30699,266507537,4.0,0.5453175221097596
30700,30701,266507538,6.0,0.35173490545391406
30702,30703,266507539,3.0,28.569870241054065
30704,30705,266507539.83,6.0,13.224738957715918
30706,30707,266507540,4.0,5.263736797546185
30708,30709,266507540.73,4.0,2.093007774659082
30710,30711,266507541,13.0,6.548048048048047
30712,30713,266507542#0,53.0,519.9360761195936
30714,30715,266507543,3.0,0.2713429481808231
30716,30717,266507544,7.0,1.3978978978978989
30718,30719,266507545,5.0,0.33387517856263244
30720,30721,266507546,9.0,2.4770888535594406
30722,30723,266507547#0,22.0,229.47037597779496
30724,30725,266507548,18.0,94.86824396310263
30726,30727,266507550#0,7.0,60.691983526482204
30728,30729,266507551,4.0,46.107869601649966
30730,30731,266507552#0,32.0,334.09194822836275
30732,30733,266507553,4.0,0.21823828345567478
30734,30735,266507553.35,56.800000000000004,613.1981382978724
30736,30737,266507554#0,57.0,463.1573031515267
30738,30739,266507555,3.0,5.207336833236128
30740,30741,266507557#0,6.0,1.3697118332311444
30742,30743,266507557#1,3.0,9.103883031141217
30744,30745,266507557#2,20.0,92.34676565050265
30746,30747,266507558,11.0,68.21019490254872
30748,30749,266561174#0,22.0,110.37210541487237
30750,30751,266561177#0,3.0,0.2266644129812281
30752,30753,266561177#1,4.0,0.27931116767419667
30754,30755,266561178#0,46.400000000000006,344.17176350662595
30756,30757,266565295#0,5.0,0.5130141190914669
30758,30759,266565295#1,11.0,1.7031766048159482
30760,30761,266565295#2,19.0,39.657697082557405
30762,30763,266565295#3,17.80000000000001,3.6646266829865364
30764,30765,266565295#4,4.0,0.6596944770857813
30766,30767,266565295#6,16.0,2.8516601693776042
30768,30769,266565299,2.0,0.2372007366482505
30770,30771,266565302,60.400000000000006,621.2443745996156
30772,30773,266567294#0,5.0,172.23073380781847
30774,30775,266567303,3.0,127.41435653650622
30776,30777,266567304#0,41.0,304.44963924784906
30778,30779,266567307#0,12.0,142.8014166160176
30780,30781,266567307#1,7.0,289.2505747126436
30782,30783,266567308#0,23.0,130.51519224181098
30784,30785,266607792#0,3.0,0.48321420318264774
30786,30787,266607792#1,2.0,0.33159702048715595
30788,30789,266607792#2,1.0,0.1505863668692617
30790,30791,266607792#3,5.0,0.7950132842836697
30792,30793,266607792#4,6.0,0.6367421549710571
30794,30795,266607792#5,7.0,0.8188043348815045
30796,30797,266607792#7,5.0,0.5223378728240957
30798,30799,266607795#0,3.0,0.23588870838812795
30800,30801,266607795#1,3.0,0.27871082509286865
30802,30803,266607795#2,4.0,2.224873666479504
30804,30805,266607795#4,5.0,0.583061427152788
30806,30807,266607795#5,5.0,0.46673101108478854
30808,30809,266607795#6,1.0,0.11161214264662546
30810,30811,266607795#7,3.0,0.2960214761861669
30812,30813,266607795#8,5.0,0.37244649805447494
30814,30815,266607795#9,12.0,5.830247011952189
30816,30817,266607796,2.0,2.1486741323413527
30818,30819,266607798,1.0,8.483131191795508
30820,30821,266607800#0,6.0,15.366733034677305
30822,30823,266607800#1,11.0,46.381130812980935
30824,30825,266607801#0,3.0,4.526496413554293
30826,30827,266607801#1,5.0,31.29251174870147
30828,30829,266607802#1,7.0,1.1870967741935485
30830,30831,266607803#1,11.0,4.8757189908126755
30832,30833,266607803#2,2.0,0.3855945801390625
30834,30835,266607804#0,1.0,9.391557496360988
30836,30837,266607804#1,24.0,138.67354792890322
30838,30839,266607805#0,41.0,210.14332641770395
30840,30841,26676668,14.0,0.0
30842,30843,26677213#0,5.0,0.0
30846,30847,26677213#2,6.0,0.0
30848,30849,26677213#3,1.0,0.0
30850,30851,26677213#4,3.0,1.4666666666666666
30852,30853,26677213#5,3.0,0.0
30854,30855,26677213#6,3.0,1.3333333333333333
30858,30859,26677214#1,1.0,0.0
30866,30867,26677214#5,9.0,0.0
30868,30869,26677216#0,29.0,0.0
30870,30871,26677216#1,8.0,0.0
30872,30873,26677216#2,6.2,0.8
30880,30881,26677416#0,1.6,0.3333333333333333
30882,30883,26677416#1,14.6,2.333333333333334
30884,30885,26677416#2,14.600000000000001,0.6410256410256409
30886,30887,26677416#3,15.0,0.7428571428571429
30888,30889,26677416#4,11.200000000000001,0.6952380952380955
30890,30891,26677416#5,1.0,0.12380952380952381
30892,30893,26677416#6,1.0,0.11029411764705882
30894,30895,26677416#7,2.0,0.3088235294117648
30896,30897,26677417#0,13.8,0.5
30898,30899,26677417#1,5.0,0.0
30900,30901,26677539,24.8,9.0
30902,30903,26677540#0,6.8,0.5
30904,30905,26677540#1,4.8,0.5
30910,30911,26677542#0,12.4,1.666666666666666
30912,30913,26677542#1,5.0,0.0
30914,30915,26677542#2,6.0,0.2678571428571429
30918,30919,26678225,10.0,0.0
30920,30921,266885713,53.0,15.605466718123383
30922,30923,266885714,6.0,2.3949166909101742
30924,30925,266885715,15.0,2.4415280124788747
30926,30927,266885716,7.0,0.5379601746154026
30928,30929,266885717,4.0,0.3029723532320751
30930,30931,266885717-AddedOffRampEdge,4.0,0.3641358012924385
30932,30933,266885719,8.0,6.943300099638416
30934,30935,266885720,20.0,4.013083676756925
30936,30937,266885721#0,33.0,246.02278089887642
30938,30939,266885722,5.0,2.4051982366202864
30940,30941,266885723#0,319.6,40654.36750958774
30942,30943,266887586,5.0,0.6885445238443909
30944,30945,266887587,9.0,158.03721414783803
30946,30947,266887588#0,20.0,65.70896664581032
30948,30949,266887589#0,1.0,0.23808593467343933
30950,30951,266887589#1,12.0,3.584368753469036
30952,30953,266887589#2,5.0,0.7056358117251218
30954,30955,266887589#3,7.0,21.0548642969515
30956,30957,266887591,7.0,3.407223208999407
30958,30959,266887592,72.20000000000005,1412.9047723990543
30960,30961,266887593#1,7.0,12.105699178927814
30962,30963,266887593#2,5.0,20.242395337856472
30964,30965,266887593#3,3.0,4.686884030710968
30966,30967,266887593#4,17.0,2.764794073551458
30968,30969,266887593#6,5.0,1.0268335226999958
30980,30981,26766980#0,10.0,0.6964285714285715
30982,30983,26766980#1,11.0,0.966666666666667
30986,30987,26809976#0,43.6,72.0
30992,30993,268133899#1,16.0,12.5
30994,30995,268133899#2,4.8,0.5
31004,31005,268133900#2,21.8,0.5
31006,31007,268133900#3,4.0,0.0
31010,31011,268133902,4.0,0.0
31012,31013,268133903#0,2.0,0.0
31016,31017,268133904#0,19.0,3.0334415584415586
31018,31019,268133904#1,29.0,8.049396681749624
31020,31021,268133904#2,16.0,3.086031452358927
31022,31023,26814848#0,4.0,0.25714285714285706
31024,31025,26814848#1,14.0,0.8571428571428571
31026,31027,26814848#2,3.0,0.22435897435897434
31028,31029,26814848#4,9.0,1.371836734693878
31030,31031,26814848#5,10.0,1.3730612244897953
31032,31033,26972791,16.4,7.0
31034,31035,26973015,6.0,1.2931304300901205
31036,31037,26973018#1,12.0,3.757006874669486
31038,31039,27082004,12.0,1474.5441332303753
31044,31045,27195926#1,13.2,2.3333333333333326
31046,31047,27196044#0,17.0,3.1353107344632765
31048,31049,27196044#1,8.0,0.8770851624231781
31050,31051,27196044#2,4.0,0.35535557506584725
31052,31053,27196044#3,3.0,0.4728370221327966
31054,31055,27196044#4,3.0,0.23299798792756538
31056,31057,27196044#5,4.0,0.3724569640062598
31058,31059,27196044#6,4.0,0.34084507042253526
31060,31061,27196044#7,2.0,0.21569416498993962
31062,31063,27196044#8,10.0,0.7617706237424545
31064,31065,272042143,24.0,4.904097183186559
31066,31067,272042145,24.0,5.750095864550762
31068,31069,272255518#0,13.0,0.0
31070,31071,272255518#1,4.0,0.19999999999999998
31080,31081,272255519#4,5.0,0.0
31082,31083,272255519#5,10.4,3.333333333333334
31086,31087,27267723,2.0,0.20442896208654524
31088,31089,27267724,6.0,0.49297797199433824
31090,31091,273078633,9.8,0.5
31092,31093,273078634#0,1.0,0.0
31094,31095,273078634#1,6.0,1.2678571428571426
31096,31097,273078634#2,12.8,2.1515151515151505
31098,31099,273123309#0,196.80000000000007,72953.84746071565
31100,31101,273123311,16.200000000000003,2.155263157894735
31102,31103,273123315,108.6,190.7
31104,31105,273123316#1,6.6,0.33333333333333326
31106,31107,273123318,61.0,12.0
31110,31111,27453586#0,31.0,100.18471459583688
31112,31113,274823616#0,4.0,0.26666666666666666
31114,31115,274823616#1,22.6,192.14285714285714
31116,31117,274823622#0,13.0,1.6703491152558587
31118,31119,274823622#1,12.0,1.5927570711075876
31120,31121,274823622#10,164.0,50396.67527363183
31122,31123,274823622#3,11.0,406.9841655591421
31124,31125,274823622#4,2.0,43.60835269658803
31126,31127,274823622#5,4.0,274.18721209897694
31128,31129,274823622#6,6.0,972.3707571288103
31130,31131,274823622#9,8.0,2411.1575529733423
31132,31133,274823623#1,3.0,0.28571428571428575
31134,31135,274823624#0,2.8,0.5
31136,31137,274823624#1,14.0,0.3333333333333335
31138,31139,274823625,5.8,0.5
31140,31141,27761238#0,8.0,0.0
31142,31143,27761238#1,4.0,0.0
31144,31145,27761238#2,4.6,0.33333333333333326
31146,31147,27761238#3,10.0,0.0
31148,31149,27761238#4,13.4,0.9166666666666665
31150,31151,27761238#5,5.0,0.3000000000000001
31152,31153,27761238#6,13.0,0.0
31154,31155,27761238#7,15.0,0.0
31158,31159,27781907#0,12.4,0.6666666666666666
31160,31161,27781907#1,16.0,0.9166666666666665
31162,31163,27781908#0,16.0,0.0
31164,31165,27781908#1,7.0,0.0
31168,31169,27781947#0,8.2,1.3333333333333335
31170,31171,27781947#2,9.0,0.0
31172,31173,27781947#3,25.0,12.5
31174,31175,27781947#4,15.0,0.33333333333333304
31176,31177,27781947#5,15.2,5.300000000000001
31178,31179,27782265#0,7.0,0.9166666666666666
31180,31181,27782265#1,6.0,0.0
31182,31183,27782265#10,29.0,153.1
31184,31185,27782265#2,2.8000000000000007,1.5833333333333333
31186,31187,27782265#3,4.0,0.3333333333333333
31188,31189,27782265#6,12.0,0.0
31190,31191,27782265#7,8.0,1.4772727272727273
31192,31193,27782265#8,4.6,1.0
31194,31195,27782265#9,27.4,7.0
31202,31203,27825202#0,6.800000000000001,3.0588235294117645
31204,31205,27825202#2,10.8,1.2573529411764703
31206,31207,27825202#3,5.0,0.37362637362637374
31210,31211,27825654#1,6.4,0.6666666666666665
31212,31213,27825654#3,7.0,0.0
31214,31215,27825654#4,8.0,0.0
31218,31219,27825654#6,4.0,0.0
31220,31221,27827337,50.0,24.396825396825395
31228,31229,27830333#1,9.0,5.58526885141584
31230,31231,27866012#0,55.0,1.3333333333333357
31232,31233,27866012#1,3.0,1.3333333333333333
31234,31235,27866014,7.0,0.0
31236,31237,27866016,115.4,209.80952380952382
31240,31241,27872579#0,8.0,0.8142857142857143
31242,31243,27872579#1,4.0,0.3398692810457516
31244,31245,27872579#2,8.0,0.39999999999999997
31246,31247,27872579#3,6.0,0.49583333333333324
31248,31249,27872582,13.200000000000001,1.5999999999999999
31250,31251,27872583#0,3.4000000000000004,0.6666666666666666
31252,31253,27872583#1,5.0,0.0
31254,31255,27872583#2,7.8,0.5
31256,31257,27872583#3,4.0,0.0
31260,31261,27872584#0,7.0,0.6545454545454545
31262,31263,27872584#1,4.0,0.4909090909090909
31264,31265,27872584#2,6.0,0.5256410256410253
31266,31267,27872584#3,4.0,0.26923076923076905
31268,31269,27872584#4,4.0,0.20952380952380953
31270,31271,27893434#1,5.0,0.3619047619047619
31272,31273,27893434#2,6.0,0.4477124183006539
31274,31275,27893434#3,7.0,0.9888888888888889
31276,31277,27893434#4,2.0,0.10000000000000005
31278,31279,27893434#5,6.800000000000001,1.3560606060606057
31280,31281,27893434#6,10.4,15.61111111111111
31282,31283,27894322#0,29.2,2.333333333333332
31284,31285,27894322#1,15.0,1.8666666666666678
31286,31287,27914965#0,29.0,0.0
31288,31289,27914965#2,11.6,1.0
31292,31293,27914967,20.0,0.0
31296,31297,27920078#0,5.0,0.4896722325293754
31298,31299,27920078#1,2.0,21.92021919879062
31300,31301,27998319,3.0,0.24946236559139776
31310,31311,27998675#2,13.6,7.0
31312,31313,27998675#4,12.6,2.0
31314,31315,27998675#5,39.0,0.0
31316,31317,27998676#0,5.0,0.4142857142857143
31318,31319,27998676#1,2.0,0.21428571428571425
31320,31321,27998676#2,5.0,0.5904761904761905
31322,31323,27998676#3,5.0,0.6333333333333335
31324,31325,27998676#4,4.0,0.3447368421052632
31326,31327,28012818#1,12.0,1.2954545454545452
31328,31329,28013725#2,14.0,3.3624999999999985
31330,31331,28013725#3,8.0,0.0
31332,31333,28013728#0,1.0,0.125
31334,31335,28013728#1,2.6000000000000005,0.21428571428571427
31336,31337,28013728#10,3.0,0.21818181818181812
31338,31339,28013728#11,4.0,0.41818181818181815
31340,31341,28013728#13,10.200000000000001,12.322222222222221
31342,31343,28013728#2,7.0,0.8392857142857143
31344,31345,28013728#3,3.0,0.20000000000000004
31346,31347,28013728#4,1.2000000000000002,0.2
31348,31349,28013728#5,8.200000000000001,1.5523809523809524
31350,31351,28013728#6,2.0,0.20952380952380947
31352,31353,28013728#8,10.0,2.383333333333333
31354,31355,28013728#9,11.0,1.6410256410256414
31356,31357,28013743#0,2.0,0.2380952380952381
31364,31365,28013743#3,4.0,0.0
31368,31369,28013743#5,3.6,1.0
31372,31373,28013743#7,4.6,2.0
31380,31381,28013748#1,5.0,0.0
31384,31385,28013748#2,4.0,0.0
31386,31387,28013748#3,4.0,0.0
31388,31389,28013748#4,4.0,0.3333333333333333
31390,31391,28013748#5,3.0,0.0
31392,31393,28013748#6,3.0,0.0
31394,31395,28013748#7,3.0,0.0
31396,31397,28013748#8,4.0,0.0
31398,31399,28013748#9,3.0,0.0
31404,31405,28014156#1,77.0,43.99999999999999
31406,31407,28014167#0,93.8,122.33333333333337
31408,31409,28014167#1,123.2,276.5
31410,31411,28014167#3,30.2,14.544444444444435
31412,31413,28014170#1,70.60000000000001,394.3333333333333
31416,31417,28035146#1,5.0,1.3333333333333335
31418,31419,28091398,1.0,0.22146436525612495
31420,31421,28098600#0,1.0,0.14285714285714285
31422,31423,28098600#1,2.0,0.14285714285714293
31424,31425,28098609#0,6.0,0.5238095238095241
31426,31427,28098609#1,4.0,0.0
31430,31431,28098609#3,20.4,4.5
31432,31433,28098611#1,4.0,8.280303030303031
31434,31435,28111851#1,9.0,0.8571428571428571
31436,31437,28111926#1,2.0,0.16666666666666669
31438,31439,28111930#0,2.0,0.0
31446,31447,28111977#11,27.2,1.333333333333334
31448,31449,28111977#2,50.0,0.0
31450,31451,28111977#4,33.8,72.33333333333334
31452,31453,28111977#5,35.2,7.799999999999999
31456,31457,28111977#7,48.6,36.0
31458,31459,28111977#8,50.2,2.333333333333334
31460,31461,28111977#9,44.8,4.3333333333333375
31462,31463,28114237,21.0,288.59967532467533
31466,31467,28114295#1,7.0,0.0
31468,31469,28119595#2,18.4,3.0666666666666647
31470,31471,28119595#3,9.0,0.0
31476,31477,28124258#0,20.0,4.055084745762715
31478,31479,28124258#1,6.0,0.3017970401691333
31480,31481,28124258#2,19.0,2.9545454545454546
31482,31483,28124258#3,13.0,1.6153846153846148
31484,31485,28124570#0,15.0,1.3333333333333333
31486,31487,28124570#1,25.8,4.333333333333332
31488,31489,28124570#2,8.0,0.0
31490,31491,28124570#3,30.0,0.0
31492,31493,28124570#4,5.0,0.0
31498,31499,28124570#7,10.0,0.0
31502,31503,28124571#0,47.8,60.5
31504,31505,28124571#1,5.8,0.5
31506,31507,28124571#2,5.8,0.5
31508,31509,28124571#3,9.6,2.0
31510,31511,28124729#0,27.800000000000004,1623.31045751634
31512,31513,28124729#1,48.0,1468.6571428571428
31514,31515,28124729#2,265.0,27328.13333333333
31516,31517,28124764#0,2.0,0.0
31518,31519,28124764#1,20.0,4.123809523809525
31520,31521,28124764#2,7.0,0.25000000000000006
31522,31523,28124764#3,16.200000000000017,95.59001782531195
31524,31525,28124764#4,4.0,0.9611111111111115
31526,31527,28124854#1,8.0,0.8566695038910503
31528,31529,28124854#1.89,9.0,2.8966135700389133
31532,31533,28132014#0,7.0,2.487822124044531
31534,31535,28132014#1,6.0,3.6291946916859548
31536,31537,28132014#2,8.0,23.638559035894215
31538,31539,28132017,4.0,0.2533816283680347
31540,31541,28132244#0,6.400000000000002,11.333333333333334
31542,31543,28132244#1,5.2,1.3333333333333335
31544,31545,28132244#2,8.0,0.0
31546,31547,28132718,9.200000000000001,3.695238095238094
31548,31549,28132749#0,3.8,0.5
31550,31551,28132749#1,2.0,0.0
31552,31553,28132749#2,3.0,0.0
31554,31555,28132813,23.0,105.1
31556,31557,28132836#0,4.0,2.5636363636363635
31558,31559,28132836#1,2.0,0.09999999999999999
31560,31561,28132836#2,4.0,0.4888888888888888
31562,31563,28132836#3,4.0,0.29999999999999993
31564,31565,28132836#4,11.8,3.7499999999999973
31566,31567,28132865,14.0,0.0
31568,31569,28132869,11.4,1.5
31570,31571,28133036#0,6.0,0.0
31572,31573,28133036#1,21.8,0.5
31576,31577,28133099,31.4,4.5
31578,31579,28133108#0,6.6,2.0
31580,31581,28133108#1,3.8,0.5
31582,31583,28133108#2,4.0,0.0
31584,31585,28133112#0,7.800000000000001,1.194444444444445
31586,31587,28133112#1,7.2,1.7
31588,31589,28133112#2,2.8,0.5
31590,31591,28133141,31.0,118.20454545454544
31592,31593,28133152#0,17.0,2.2666666666666666
31594,31595,28133152#1,10.0,2.266666666666667
31596,31597,28133177#0,25.0,0.0
31598,31599,28133177#1,9.0,0.0
31600,31601,28133179,24.0,0.0
31602,31603,28133181#0,14.0,0.0
31604,31605,28133181#1,5.0,0.0
31606,31607,28133199,24.6,7.428571428571429
31608,31609,28161015,156.0,0.0
31610,31611,28161024#0,4.0,0.0
31612,31613,28161024#1,12.0,1.9
31614,31615,28161024#2,10.0,22.55494505494505
31616,31617,28161026#0,4.0,0.0
31618,31619,28161026#1,6.0,0.0
31620,31621,28161026#2,7.0,0.5666666666666668
31622,31623,28161026#3,4.0,0.12500000000000006
31624,31625,28161026#4,9.4,1.653846153846153
31626,31627,28161026#5,8.0,1.1958333333333335
31628,31629,28161026#6,10.0,4.5233333333333325
31640,31641,28161105#2,24.6,24.5
31642,31643,28161139,19.6,2.0
31644,31645,28161140,4.0,84.69047619047618
31648,31649,28161141#1,15.4,4.5
31650,31651,28162357#1,3.0,0.5274725274725275
31652,31653,28162375#1,3.8,0.5
31654,31655,28162375#2,19.0,0.0
31656,31657,28162390#1,7.200000000000001,22.750000000000004
31658,31659,28162390#2,12.0,0.7999999999999996
31660,31661,28232068#0,4.0,0.0
31664,31665,28252424,4.0,1.0647226173541968
31666,31667,282532460#0,11.4,7.0
31668,31669,282532460#1,10.2,4.300000000000001
31670,31671,282532460#2,7.4,1.6666666666666667
31672,31673,28268963,28.0,0.0
31674,31675,28268964#0,12.0,0.0
31676,31677,28268964#1,27.2,8.0
31678,31679,28269269#0,24.4,6.044444444444447
31680,31681,28269269#1,8.0,0.904761904761905
31682,31683,28269269#2,13.2,2.3
31684,31685,28269269#3,7.6,2.0
31686,31687,28269269#4,12.4,4.5
31690,31691,28269326#0,8.0,0.0
31692,31693,28269326#1,15.0,0.0
31698,31699,28269326#4,16.0,0.0
31702,31703,28269616#1,4.0,1.7666666666666664
31704,31705,28269616#2,11.2,1.333333333333333
31708,31709,28269616#4,3.0,0.0
31710,31711,28269620#0,13.0,0.0
31716,31717,28269631,2.0,0.0
31718,31719,28269810#1,9.0,0.8272017837235234
31720,31721,28269810#2,13.0,1.8540706605222734
31734,31735,283067359#6,1.0,0.0
31738,31739,28319300#0,19.0,30.35897435897436
31740,31741,28319300#1,5.0,0.47435897435897423
31742,31743,28319300#2,8.0,1.3166666666666667
31744,31745,28319300#4,4.0,0.35897435897435903
31746,31747,28319300#5,8.0,0.6287878787878789
31748,31749,28319300#6,2.0,0.2651515151515152
31750,31751,28319300#7,7.0,0.75
31752,31753,28320823,17.0,2.8392857142857144
31754,31755,283470309,2.0,0.4444444444444444
31756,31757,28390298,54.0,13.218181818181822
31758,31759,28418763,27.600000000000023,58.67837057865912
31760,31761,28418764,20.80000000000001,4.415654840953647
31762,31763,284224051,1.0,0.14285714285714285
31766,31767,284224052#1,2.2,0.7
31770,31771,284224054#2,21.6,5.4107142857142865
31772,31773,28444755,111.8,98.98529411764703
31774,31775,285490885,11.0,0.6666666666666667
31776,31777,285548171#0,13.0,0.0
31778,31779,285548171#1,1.0,0.0
31780,31781,285549250#0,4.0,1.2548553944780354
31782,31783,285549250#0.50,20.0,77.69632111896256
31784,31785,285716192#0,9.0,2.319570921438495
31786,31787,285716192#1,5.0,10.641670621737065
31788,31789,28577490#0,6.0,0.742154102804713
31790,31791,28577490#1,2.0,0.2488791575435305
31792,31793,28577490#3,3.0,0.3333333333333334
31794,31795,28593900,13.0,1.7085107424264645
31796,31797,28639688#1,7.0,3.599715612489991
31798,31799,28639688#2,5.0,12.279930184147345
31800,31801,28639688#3,2.0,8.333732370511797
31802,31803,286646181,30.0,8.414095583787056
31804,31805,286646182,37.4,4.5
31808,31809,286646184#0,17.8,188.32222222222222
31812,31813,286646186#0,14.0,59.205464480874326
31814,31815,286646186#1,2.0,13.663939216832262
31816,31817,286646187#0,3.4000000000000004,0.25000000000000006
31818,31819,286646187#1,1.4000000000000004,0.25
31820,31821,286646188#0,3.0,0.4045584045584045
31822,31823,286646188#1,2.8000000000000007,1.0
31824,31825,286646188#2,1.0,0.0
31832,31833,286646190#0,9.0,0.41711229946524053
31834,31835,286646190#1,33.0,6.4214285714285735
31840,31841,286646191#2,9.2,0.7999999999999999
31842,31843,286646191#3,6.0,2.8392857142857153
31844,31845,286646456#0,3.0,2.9742030890568527
31846,31847,286646456#2,6.0,0.5386102156878156
31848,31849,286646456#3,3.0,0.6627138825908951
31850,31851,286646456#4,6.0,0.5151124667656223
31852,31853,28738529#1,2.0,0.0
31854,31855,28738529#12,4.0,2.7
31856,31857,28738529#13,2.0,0.0
31858,31859,28738529#14,13.0,0.0
31860,31861,28738529#15,13.0,0.0
31862,31863,28738529#2,2.8,0.5
31864,31865,28738529#3,3.0,0.0
31866,31867,28738529#4,10.8,2.0000000000000004
31872,31873,28738529#8,16.6,2.0
31876,31877,28738541#0,4.0,1.070015650812972
31878,31879,28738541#1,1.0,0.1656305248818943
31898,31899,28740443#0,2.0,0.3
31900,31901,28740443#1,1.0,0.0
31902,31903,28749365#0,2.0,0.0
31904,31905,28749365#2,5.0,0.0
31908,31909,28763451#1,4.0,0.2960992907801419
31910,31911,28763451#2,1.0,0.07955596669750228
31914,31915,28781036#1,7.0,0.0
31916,31917,28781036#2,7.2,2.333333333333334
31918,31919,28781036#4,7.0,0.20000000000000007
31920,31921,28781036#5,5.6,1.0
31922,31923,28781036#6,4.0,0.3333333333333333
31924,31925,28781036#7,7.2,2.333333333333333
31926,31927,288193337#0,4.2,0.19999999999999996
31928,31929,288193337#1,22.6,2.0
31930,31931,288213479,8.0,0.0
31932,31933,288213480#0,11.8,4.333333333333334
31938,31939,28845091#0,32.2,21.300000000000004
31940,31941,28845091#1,7.6,1.0
31942,31943,28845091#2,15.0,0.0
31948,31949,28845095#2,4.6,0.33333333333333326
31954,31955,28970268#0,3.0,0.9666666666666668
31956,31957,28970268#1,6.0,0.6666666666666669
31958,31959,28970268#2,13.0,12.5
31964,31965,289878517#1,5.0,0.0
31966,31967,289878518,15.0,0.0
31968,31969,289879699,10.6,2.0
31970,31971,29001352,3.8000000000000007,0.23809523809523805
31974,31975,29002248#0,11.0,1.4666666666666672
31976,31977,29002248#1,10.8,1.6590909090909092
31978,31979,29002251#0,11.0,2.4727272727272736
31980,31981,29002251#1,2.0,0.1666666666666667
31982,31983,29002252#0,10.0,1.4308300395256919
31984,31985,29002252#1,2.8000000000000007,0.251082251082251
31986,31987,29002252#3,4.800000000000001,0.5216450216450217
31988,31989,29002252#4,4.0,1.8046153846153852
31990,31991,29002253,9.4,0.24999999999999986
31992,31993,29002614,29.0,13.047619047619046
31994,31995,29002689,11.0,2.1249999999999996
31998,31999,29027727#0,4.0,531.3490544543175
32000,32001,29027727#1,5.0,5534.707906128958
32002,32003,29027727#2,628.4000000000001,105540.6923515169
32004,32005,29027727#4,423.6000000000001,54540.903612903225
32006,32007,29027727#5,15.600000000000108,12756.89986027014
32008,32009,29027727#6,675.6,153079.11626355295
32010,32011,29027727#7,208.0,13881.523891109842
32012,32013,29027727#8,984.4,238027.29715061057
32014,32015,29027727#9,2273.4,972423.3292370707
32016,32017,29027839#0,16.0,1.4279569892473118
32018,32019,29027839#1,5.0,0.22365591397849455
32020,32021,29027839#2,8.0,0.44516129032258067
32022,32023,29027840,7.0,1.4046153846153846
32024,32025,29027936#1,5.0,1.0096793814553582
32026,32027,290388899,74.0,27.02768885605622
32028,32029,29048562#1,9.0,4.908447177753782
32034,32035,29119849#0,1.0,4.733161123043283
32036,32037,29119849#1,22.0,137.18681614522237
32038,32039,29119850,9.0,5.386572412818895
32040,32041,29119850.76,2.0,2.1397341070269333
32042,32043,29119851#0,4.0,0.41751152073732717
32044,32045,29119851#1,3.0,0.6443628450972394
32046,32047,29119898,4.0,0.45566502463054187
32048,32049,29146979#1,6.400000000000002,0.6068840579710144
32050,32051,29146979#2,2.0,0.2584615384615385
32052,32053,29146979#3,2.0,0.3280632411067193
32054,32055,29146979#4,6.0,0.1904761904761905
32060,32061,29187258#1,1.0,0.0
32062,32063,29187258#2,1.0,0.6666666666666667
32066,32067,29187258#4,10.600000000000001,0.7857142857142858
32068,32069,29187258#5,4.0,0.4727272727272725
32070,32071,29187258#6,3.0,0.7
32072,32073,29187258#7,10.0,0.0
32078,32079,29205272#11,91.0,0.0
32084,32085,29205272#2,15.0,0.0
32092,32093,29205272#6,51.0,0.0
32094,32095,29205272#7,2.0,0.0
32100,32101,29205273#0,5.200000000000001,0.42105263157894735
32102,32103,29205273#1,4.0,0.1637426900584795
32104,32105,29205273#2,13.2,2.711111111111111
32106,32107,29205273#5,12.8,3.4545454545454546
32108,32109,29205273#6,8.0,1.8181818181818168
32110,32111,29205273#7,10.0,0.9047619047619042
32112,32113,29205273#8,11.0,1.4666666666666668
32114,32115,29205273#9,9.0,0.25
32116,32117,29205275,9.0,0.0
32118,32119,29205279,24.0,0.0
32120,32121,29212862#1,26.0,49.859709460499985
32122,32123,29212862#2,20.0,4.562032737213059
32124,32125,29213028#1,11.0,89.40886699507392
32126,32127,29213028#2,7.0,2.3256097560975615
32128,32129,29213363,42.60000000000001,690.2651515151515
32130,32131,29213366,6.0,4.3246376811594205
32132,32133,29213402,2.0,0.24805369127516774
32134,32135,29213411,11.0,0.6315789473684209
32136,32137,29213449#0,3.4000000000000004,0.49999999999999994
32138,32139,29213449#1,3.0,0.2777777777777778
32140,32141,29213449#2,2.0,0.09999999999999999
32142,32143,29213449#3,2.0,0.09999999999999999
32144,32145,29213477#0,11.0,0.7692307692307686
32146,32147,29213477#1,24.0,4.599999999999998
32148,32149,29213811,3.0,0.4371821818428364
32150,32151,29213889,3.0,0.2817002512433983
32158,32159,29238187#0,11.0,8.09032258064516
32160,32161,29238187#1,10.0,1.2554112554112549
32162,32163,29238187#2,324.0,43379.83384615384
32164,32165,29238188#0,4.0,3426.7863720073706
32166,32167,29238188#0.17,61.40000000000012,15309.685257603973
32168,32169,29238188#1,110.99999999999986,19668.427611238076
32170,32171,29238188#2,420.60000000000025,81013.57550082101
32172,32173,29238188#3,292.0000000000001,33740.771993330694
32174,32175,29254382#0,15.8,0.5
32176,32177,29254382#1,21.0,0.0
32178,32179,29254382#2,11.0,0.0
32180,32181,29254384#0,8.0,0.0
32184,32185,29254494,45.6,0.3333333333333339
32188,32189,29254505#0,1.0,0.0
32204,32205,29254557,12.0,0.0
32206,32207,29254586#0,6.0,0.0
32208,32209,29254586#1,2.0,0.0
32218,32219,29254590#0,10.0,1.5
32220,32221,29254590#1,4.0,0.24999999999999994
32222,32223,29254590#2,8.0,0.36111111111111127
32224,32225,29254590#3,5.2,0.4999999999999999
32226,32227,29254706#1,13.600000000000001,2.0000000000000004
32228,32229,29254706#1.167,4.4,0.7777777777777779
32230,32231,29254706#10,22.0,3.7666666666666657
32232,32233,29254759#0,30.000000000000004,11.571428571428575
32234,32235,29254759#1,19.8,4.333333333333331
32236,32237,29254759#2,45.6,13.583333333333341
32238,32239,29254771#0,31.0,10.988304093567251
32240,32241,29254771#1,17.0,4.779411764705883
32242,32243,29254771#2,15.4,6.500000000000001
32246,32247,29254778,74.6,52.916666666666664
32248,32249,29254786#0,6.2,1.3333333333333335
32250,32251,29254786#1,64.4,4.5
32252,32253,29254798#1,47.2,28.452525252525245
32254,32255,29254818#0,3.0,0.26785714285714285
32256,32257,29254818#1,82.0,92.00000000000001
32258,32259,29254835#0,3.2,0.5
32260,32261,29254835#1,65.0,56.66666666666667
32262,32263,29255794,9.0,1.1071428571428572
32264,32265,293162564#0,13.0,15.072423236331225
32266,32267,293162564#1,5.0,0.4121100836246181
32268,32269,293162564#2,10.0,12.345800543290219
32270,32271,293162564#3,12.0,25.55251550279922
32272,32273,293162564#4,6.0,11.718740747608221
32274,32275,293162564#5,4.0,0.6713071928654537
32276,32277,29353676#0,6.6000000000000005,1.9285714285714282
32278,32279,29353676#1,5.6000000000000005,3.0
32280,32281,29353676#2,12.0,0.0
32282,32283,29353679,8.2,1.333333333333333
32284,32285,294213264,4.0,0.24999999999999997
32286,32287,294213265,6.6000000000000005,0.5714285714285714
32288,32289,294213267,5.0,0.6733870967741934
32290,32291,294213269,12.0,0.0
32292,32293,294213270#0,11.0,0.0
32296,32297,29458096#1,8.0,1.098039215686275
32298,32299,29458097#1,10.800000000000004,77.03469079939667
32300,32301,29458640,63.0,931.657731582786
32302,32303,29458645,9.0,1.3096842873803143
32304,32305,29458647#0,31.0,104.47244281142581
32306,32307,29459180#0,7.0,0.7071428571428569
32308,32309,29459180#1,17.0,3.2285714285714295
32310,32311,29459182#0,10.0,1.7666666666666664
32312,32313,29459182#1,11.4,4.7
32322,32323,297778952,2.0,0.20828178878988354
32352,32353,30054268#0,14.0,0.8261538461538461
32354,32355,30054268#1,9.0,0.6599999999999997
32356,32357,30054268#2,7.0,0.3460144927536232
32358,32359,30054268#3,16.0,1.7131578947368415
32360,32361,30054268#4,7.0,0.44771241830065345
32362,32363,30054268#5,13.0,1.1136363636363638
32366,32367,30054346#0,7.800000000000001,0.23809523809523833
32368,32369,30054346#1,3.0,0.25000000000000006
32370,32371,30054351#0,6.0,0.0
32372,32373,30054351#1,45.8,1.583333333333335
32374,32375,30054354,76.6,2.0
32376,32377,30054386#0,11.0,0.9166666666666666
32378,32379,30054386#1,3.4000000000000004,0.25000000000000006
32380,32381,30054398#1,16.4,12.333333333333334
32382,32383,30054398#2,4.0,0.0
32384,32385,30054410#0,21.2,2.333333333333335
32386,32387,30054410#1,28.0,0.0
32388,32389,30054410#2,55.0,0.0
32390,32391,30054413#0,3.8000000000000043,0.1724738675958188
32392,32393,30054413#1,2.0,0.25236167341430504
32394,32395,30054413#2,2.400000000000002,0.2388663967611336
32396,32397,30054413#3,2.0,0.2552552552552552
32398,32399,30054413#4,2.0,0.2477477477477478
32400,32401,30054437#0,7.0,0.2252747252747253
32402,32403,30054437#1,4.0,0.24725274725274726
32404,32405,30054437#2,25.0,4.944444444444445
32406,32407,30054437#3,14.0,3.7419354838709675
32408,32409,30054443,56.0,9.690909090909084
32412,32413,30054528#1,58.8,18.0
32420,32421,30054829#0,25.4,5.917582417582419
32424,32425,30054837,16.0,0.0
32426,32427,30054857,11.0,0.0
32428,32429,30054884#0,9.6,1.0
32430,32431,30054884#1,4.0,0.0
32432,32433,30054903#0,7.6,1.0
32434,32435,30054903#1,5.6,1.0
32436,32437,30054903#2,13.200000000000001,10.000000000000002
32438,32439,30054903#3,16.0,3.619047619047619
32440,32441,30054914#0,14.0,0.0
32444,32445,30054925#0,26.0,0.0
32446,32447,30054925#2,17.0,12.5
32448,32449,30056007#0,16.0,2.5932773109243694
32450,32451,30056007#1,14.4,0.9945054945054944
32452,32453,30056007#2,13.0,0.6999999999999998
32456,32457,30064385#1,11.2,1.8777777777777775
32458,32459,30064385#2,4.0,0.5
32460,32461,30064385#3,8.0,1.3611111111111112
32462,32463,30064385#4,3.4000000000000004,0.6944444444444445
32466,32467,300750369#0,5.0,0.446969696969697
32468,32469,300750369#1,3.2,0.3222222222222222
32470,32471,300750369#2,1.2000000000000002,0.17777777777777776
32472,32473,300750370,11.0,1.3666666666666665
32474,32475,30093832#0,3.0,74.29613526570049
32476,32477,30093878,14.0,2.1169709263015553
32478,32479,30131199,7.0,346.04495457197635
32480,32481,30131200,15.0,1.9587418503956597
32482,32483,30131201,6.0,0.5532699986231584
32484,32485,30136341#0,17.0,0.0
32486,32487,30136341#1,6.6,2.333333333333334
32488,32489,30187448#0,4.0,0.4550632911392409
32490,32491,30187448#1,15.0,1.6682339112547742
32494,32495,302753341,1.0,0.0
32496,32497,302753648,4.6,2.333333333333333
32504,32505,302879156#0,5.2,0.5
32506,32507,302879156#1,8.0,0.3333333333333333
32508,32509,302879156#2,5.4,0.9166666666666666
32510,32511,302879162#0,2.0,0.0
32512,32513,302879162#1,2.8000000000000007,1.0
32514,32515,302879162#2,2.0,0.25
32516,32517,303155140#0,2.0,0.0
32526,32527,30315720#0,21.0,4.288265306122451
32528,32529,30315720#1,12.0,1.5560975609756098
32530,32531,30315925,2.0,0.0949796472184532
32532,32533,30315926#0,6.0,0.6669691470054446
32534,32535,30315926#1,9.0,1.341802782819117
32536,32537,30315927,7.0,2.267857142857143
32538,32539,30315928#0,20.0,0.0
32540,32541,30315928#1,12.2,1.333333333333334
32542,32543,30320326,5.0,0.0
32544,32545,30320943,4.0,0.5962729782213051
32550,32551,303843481,5.0,0.0
32552,32553,303843488,3.4000000000000004,2.25
32558,32559,303843510#0,3.8,0.5
32560,32561,303843510#2,2.8,0.5
32562,32563,303843510#3,3.0,0.0
32564,32565,30399316#0,3.0,10.468012076910851
32566,32567,30399316#1,2.0,6.6121828486678345
32568,32569,30399316#2,3.0,27.329322804142137
32570,32571,30399316#4,16.0,142.85553754892365
32572,32573,30399316#5,2.0,1.3972203759437802
32574,32575,30399319,4.0,47.63344155844154
32576,32577,30399322#0,6.0,12505.497156958098
32578,32579,30399322#1,2.0,4399.8406531569935
32580,32581,30399322#2,260.0,95177.0354582229
32582,32583,30399325,22.0,4118.431426711254
32584,32585,30399326#1,3.0,0.3475918470177275
32586,32587,30399326#1.23,5.0,0.965978574809462
32588,32589,30399663#0,3.0,119.05198854843711
32590,32591,30399663#1,62.0,788.4869360887628
32592,32593,30404124,4.0,0.33229697508064887
32594,32595,30404130,1.0,56.8611625323954
32596,32597,304151838#0,2.0,0.3333333333333333
32598,32599,304151838#1,1.4000000000000004,0.25
32602,32603,304151838#11,1.0,0.0
32604,32605,304151838#12,1.0,0.0
32606,32607,304151838#2,1.4000000000000004,0.25
32608,32609,304151838#3,1.6,0.3333333333333333
32610,32611,304151838#4,1.0,0.0
32612,32613,304151838#5,1.4000000000000004,0.25
32614,32615,304151838#6,1.0,0.0
32622,32623,304151905,4.0,0.5
32626,32627,304151923,5.0,0.0
32632,32633,304151947#2,2.0,0.0
32634,32635,304151955#0,2.2,1.3333333333333335
32636,32637,304151955#1,5.0,1.476190476190476
32638,32639,304151955#2,13.2,8.0
32640,32641,30417783#1,302.8,0.5
32642,32643,30417892,3.0,31.91579956657224
32644,32645,30421297#0,9.2,0.19999999999999984
32650,32651,30482614,2.0,0.0
32654,32655,30482615#1,18.8,6.333333333333336
32656,32657,30482615#2,64.0,65.33333333333331
32658,32659,30482615#3,5.6,0.3333333333333335
32660,32661,30482615#4,18.0,5.866666666666669
32662,32663,30482615#5,6.0,0.0
32664,32665,30482615#6,60.8,0.5
32666,32667,30482619,10.0,6.8340649692712905
32668,32669,30482626#0,16.4,2.2
32670,32671,30482626#1,17.2,8.0
32672,32673,30482630#0,15.2,4.0
32674,32675,30482630#1,9.6,1.0
32676,32677,30482630#2,11.0,0.0
32678,32679,30482630#3,2.0,0.0
32680,32681,30482630#4,12.0,0.0
32682,32683,30482633#0,9.0,3.5833333333333335
32684,32685,30482633#1,12.6,1.0
32686,32687,30482638#0,9.0,1.5022220884621946
32688,32689,30482638#1,6.0,0.5630271577568402
32690,32691,30482638#10,4.0,0.3849139308707366
32692,32693,30482638#11,7.0,1.1617886550081424
32694,32695,30482638#12,14.0,2.439397814263549
32696,32697,30482638#13,10.0,1.4328306944793503
32698,32699,30482638#14,4.0,0.6437174126701207
32700,32701,30482638#2,6.0,1.0595547309833016
32702,32703,30482638#3,4.0,0.5487342115249095
32704,32705,30482638#4,4.0,0.38285911960563895
32706,32707,30482638#5,2.0,0.2554777845404744
32708,32709,30482638#6,7.0,4.323617924722764
32710,32711,30482638#7,3.0,0.684752991351735
32712,32713,305390325#0,8.0,5.9732752796336595
32714,32715,305390325#2,6.0,91.63386833317561
32716,32717,305390325#3,4.0,32.49633002367064
32718,32719,305390335,2.0,120.83587828712156
32724,32725,305397289#1,2.0,0.39127836443934505
32726,32727,305495773#0,12.0,1.591789907882574
32728,32729,305495773#2,7.0,9.14877867963177
32730,32731,305495779#0,4.0,0.24334020795737735
32732,32733,305495779#1,4.0,0.44193548387096787
32734,32735,305496616#0,7.0,0.9640062597809076
32736,32737,305496616#1,10.0,2.0840943683409434
32738,32739,305496616#10,56.0,411.7968354430379
32740,32741,305496616#2,5.0,0.6198630136986303
32742,32743,305496616#3,4.0,0.33098591549295786
32744,32745,305496616#4,3.0,0.334855403348554
32746,32747,305496616#5,1.0,0.2587719298245615
32748,32749,305496616#6,1.0,0.1305263157894737
32750,32751,305496616#7,3.0,0.44794303797468377
32752,32753,305496616#9,4.0,0.2846518987341773
32754,32755,305496617#0,12.0,1.9206349206349198
32756,32757,305496617#1,13.800000000000004,2.9340766823161193
32758,32759,305496618#0,10.0,2.4611703633789532
32760,32761,305496618#2,4.0,3.547912243453645
32762,32763,305496618#3,8.0,42.79082639750922
32764,32765,305496619#0,6.0,0.9959192800044717
32766,32767,305496619#2,9.0,1.1160421443705917
32770,32771,306240160#0,46.0,1856.1529282188876
32772,32773,306240161#2,3.0,0.2787239507325901
32774,32775,306240162#1,9.0,1.7480735739676025
32776,32777,306240162#2,12.0,1.135442326122943
32778,32779,306240162#4,22.0,4.182522439231092
32780,32781,306384630,8.0,2.0
32782,32783,306384636#0,4.0,0.5535714285714286
32784,32785,306384636#1,10.8,0.5
32786,32787,306431310#0,2.0,0.2592592592592592
32788,32789,306431310#1,6.0,1.4516129032258063
32790,32791,306431419,2.200000000000001,0.17142857142857143
32792,32793,306431420,1.0,0.33333333333333337
32794,32795,306431425#0,11.0,0.7484684684684684
32796,32797,306431425#1,10.0,1.0497297297297297
32798,32799,306431425#2,3.0,0.3243243243243244
32800,32801,306431425#3,1.0,0.2432432432432431
32802,32803,306726646,47.0,1971.9487804878052
32804,32805,306726647#0,4.0,1.0915109740613098
32806,32807,306726647#1,7.800000000000011,0.9867711905928466
32810,32811,306793479#2,16.4,1.666666666666666
32812,32813,306793479#3,5.0,0.3333333333333333
32814,32815,306793480#0,2.0,0.21428571428571427
32816,32817,306793480#1,3.0,0.12500000000000008
32818,32819,306793480#2,4.0,0.28571428571428564
32820,32821,306793480#3,4.0,0.2666666666666666
32822,32823,306793480#4,4.0,0.0
32824,32825,306793480#5,4.0,3.0
32826,32827,306793480#6,9.4,0.9166666666666671
32832,32833,306793484,7.0,0.0
32838,32839,306793488,5.0,0.0
32840,32841,306793669,21.0,5.4091155457009075
32842,32843,306793670#0,2.0,0.19941685433210848
32844,32845,306793670#1,28.0,6.521396054628224
32846,32847,306793671,5.0,0.2803169307756463
32848,32849,306876891#0,2.0,0.25
32850,32851,306876891#1,2.0,0.25
32852,32853,306876893#0,59.400000000000006,2701.0
32854,32855,306876893#1,6.0,0.0
32856,32857,307010104,67.0,0.0
32858,32859,307010105#0,27.6,24.5
32860,32861,307010105#1,95.6,140.33333333333331
32862,32863,307010105#2,24.6,7.0
32864,32865,307050878,6.0,0.0
32866,32867,307050880,10.0,0.9166666666666671
32868,32869,307050882#0,14.0,0.0
32870,32871,307050882#1,2.0,0.0
32872,32873,307536275#0,82.2,180.5
32880,32881,307562643#0,8.0,0.6922468354430377
32882,32883,307562643#1,7.0,0.9160822814399252
32884,32885,307562643#2,2.0,0.4813384813384814
32886,32887,307562643#3,5.0,0.4310227658851511
32888,32889,307685696,6.600000000000001,53.97628458498024
32890,32891,307701133,3.6,2.0
32892,32893,307837955#2,4.0,0.5639534883720932
32894,32895,307837955#3,4.0,0.19784946236559134
32896,32897,307837955#4,4.0,0.3532763532763534
32898,32899,307837955#5,4.0,0.20952380952380947
32900,32901,307837955#6,3.4000000000000004,0.3611111111111113
32902,32903,307837955#7,3.8,0.5
32904,32905,307837956#1,2.0,0.2614379084967321
32906,32907,30820056,6.0,0.26785714285714274
32908,32909,30820532,33.0,35.00000000000001
32910,32911,30820566,20.0,2.527777777777777
32914,32915,30820747#1,26.4,4.5
32916,32917,30820747#2,3.0,0.0
32918,32919,30820747#3,3.0,1.0666666666666667
32920,32921,30820819,8.0,0.9030920060331825
32922,32923,30820919#0,3.0,1.321857923497267
32924,32925,30820919#1,3.0,0.2779661016949153
32926,32927,30820932#1,1.0,0.0
32928,32929,30851877,41.8,8.285714285714283
32930,32931,308849647#0,5.0,1.0072815912758242
32932,32933,308849647#1,6.0,0.6599145756593098
32934,32935,308883778,30.6,8.250000000000002
32944,32945,309370389#4,1.0,0.0
32946,32947,309370390#0,2.0,0.30000000000000004
32948,32949,309370390#1,2.0,0.25
32950,32951,309370390#2,4.0,0.0
32952,32953,309370390#3,4.0,0.0
32954,32955,309370390#4,3.0,0.265151515151515
32956,32957,309370390#5,3.4000000000000004,0.3611111111111111
32958,32959,309370390#6,3.0,0.0
32962,32963,31021477#0,11.0,0.9885252868678269
32964,32965,31021477#1,3.0,0.2534454495780462
32966,32967,31021477#2,13.0,1.2249711614352499
32968,32969,31025769#2,37.0,10.666666666666668
32970,32971,31026158#2,17.0,12.5
32980,32981,31026158#7,4.0,1.7
32982,32983,31026158#8,5.0,0.9166666666666666
32988,32989,312301373,3.0,0.0
32990,32991,31342064#0,36.0,243.549910271394
32992,32993,31342064#2,39.0,450.98534185685014
32994,32995,31342305,3.0,0.8979615690308103
32996,32997,31342347,10.0,1068.0710200803207
32998,32999,31342349#0,12.0,2594.2017136451
33000,33001,31342349#1,25.0,9677.221641791048
33002,33003,31342349#2,551.6,193097.46494500237
33004,33005,31342349#3,361.0000000000001,63275.82493274453
33006,33007,31342350#0,16.0,22.56441399099592
33008,33009,31342350#1,11.0,1.9865320958006103
33010,33011,31342350#2,11.0,13.788241863826352
33012,33013,31342350#3,5.0,1.4044756674747285
33014,33015,31342350#4,14.0,104.7531286705369
33016,33017,31342350#5,52.0,758.4368483690362
33018,33019,31342351#1,7.0,0.8641698058533753
33020,33021,31343367#1,19.0,67.1264367816092
33022,33023,31343381#0,44.00000000000004,412.091628959276
33024,33025,31343450,3.0,0.27637938610256735
33026,33027,31355478#0,33.0,12.0
33028,33029,31355478#1,32.0,16.333333333333332
33030,33031,31355478#2,85.0,0.0
33032,33033,31355478#3,15.0,0.0
33036,33037,31355478#5,56.0,0.0
33050,33051,31355495#1,94.0,0.0
33052,33053,31355495#2,29.0,15.800000000000002
33056,33057,31355764,6.0,0.0
33062,33063,31361632,4.0,0.3157894736842104
33064,33065,31362504#2,6.800000000000004,8.30769230769231
33066,33067,31362504#4,6.0,0.8406593406593408
33068,33069,31362504#5,3.0,0.24999999999999997
33070,33071,31362504#6,2.0,0.2678571428571429
33072,33073,31362504#7,10.0,1.2087912087912085
33074,33075,31362731#0,12.0,0.0
33076,33077,31362731#1,16.200000000000003,3.642857142857143
33078,33079,31362731#2,16.0,2.5636363636363635
33080,33081,31362731#3,4.0,1.5588235294117652
33082,33083,31363129#0,3.0,0.296055529129891
33084,33085,31363129#1,2.0,0.18146498440044734
33088,33089,31402308#1,3.0,0.6900584795321636
33090,33091,31402308#2,6.0,1.5151515151515156
33092,33093,31402308#3,8.0,4.888888888888889
33094,33095,31403616#1,44.0,19.018181818181823
33096,33097,31403616#2,46.400000000000006,26.571428571428577
33098,33099,31403616#3,15.400000000000002,79.89173789173789
33100,33101,31404757,25.6,4.333333333333331
33102,33103,31404759#0,2.0,0.265118850193477
33104,33105,31404759#1,8.200000000000003,0.9621890547263675
33106,33107,31404759#2,5.0,0.3973179216698463
33108,33109,31404759#3,6.0,0.8538391433128276
33110,33111,31404759#4,3.0,0.4233310549100021
33112,33113,31404759#5,3.0,0.26384142173615877
33114,33115,31404759#6,3.6,0.33333333333333326
33116,33117,31404759#7,6.0,0.0
33118,33119,31404759#8,11.0,0.0
33120,33121,31404760#0,13.0,2.8545454545454545
33122,33123,31404760#1,5.0,6.654545454545453
33124,33125,31404761,49.8,28.022727272727266
33126,33127,31404762#0,7.0,0.7
33128,33129,31404762#1,15.2,2.2
33130,33131,31404762#2,2.2,0.17777777777777773
33132,33133,31404762#3,8.0,0.5444444444444445
33134,33135,31404762#4,2.2,0.17777777777777776
33136,33137,31404767#0,23.6,6.916666666666667
33138,33139,31404767#1,2.4000000000000004,0.25
33150,33151,31470283,32.0,0.0
33152,33153,314970097,2.0,0.2008354698173079
33154,33155,314970098#0,6.0,0.5800658574920364
33156,33157,314970098#1,4.0,0.3386715681277097
33158,33159,315358242#0,7.0,0.6015041205492243
33160,33161,315358242#1,8.0,1.1559651188586846
33162,33163,315358242#2,9.0,2.419932080752229
33164,33165,315358242#3,3.0,5.334425502141671
33166,33167,315358242#4,17.0,411.77941818489865
33168,33169,315358243#1,9.0,832.0203806394192
33170,33171,315358244,24.0,1360.7785989143122
33172,33173,315358245,2.0,0.2118852459016395
33174,33175,315358246,7.0,15.386276024642928
33176,33177,315358247#0,25.40000000000009,683.9587874969371
33178,33179,315358248#0,3.0,0.2550258843830891
33180,33181,315358248#1,5.0,0.3758196721311475
33182,33183,315358251#0,25.0,440.2860073231355
33184,33185,315358251#1,62.0,683.9388342687313
33186,33187,315358252#0,9.0,51.16235029789964
33188,33189,315358252#1,7.0,150.29409493527137
33190,33191,315358253#0,3.0,0.25904820576004933
33192,33193,315358253#1,6.0,11.9290774680425
33194,33195,315358254#0,53.599999999999994,916.476861550181
33196,33197,315358255#1,3.0,0.27285546736491817
33198,33199,315358255#2,3.0,0.33053321806645275
33200,33201,315358255#3,42.0,262.043316149797
33202,33203,315358257#0,8.0,70.30142859589189
33204,33205,315358257#2,40.0,463.33125807739657
33208,33209,315392062#0,5.0,0.5205986664775145
33210,33211,315392062#1,4.0,0.2699531848489147
33212,33213,315392062#2,1.0,0.10323561713271938
33214,33215,315392062#3,5.0,2.2883613528202513
33216,33217,315392062#4,9.0,1.9737267697545757
33218,33219,317614084#0,1.0,0.0
33220,33221,317614084#1,8.8,0.5
33222,33223,31773007,9.0,1.0223110223110226
33226,33227,31860333#1,24.0,0.0
33228,33229,31860333#2,6.0,0.0
33230,33231,31860333#3,8.0,0.0
33232,33233,31860333#4,13.0,3.866666666666666
33234,33235,318763112,2.4000000000000004,0.6666666666666666
33238,33239,31894763#0,8.0,2.6944244172073986
33240,33241,31952420#1,47.0,10.666666666666664
33246,33247,31959308#1,5.0,0.5925925925925927
33248,33249,31959308#2,3.0,0.11000000000000003
33250,33251,31959308#3,4.0,0.2777777777777777
33252,33253,31959308#4,5.0,0.3333333333333333
33254,33255,31959308#5,18.4,12.333333333333336
33256,33257,31959732#1,28.400000000000002,80.89210526315787
33258,33259,31969997#0,2.0,0.0
33262,33263,31969997#2,4.0,0.0
33264,33265,31969997#4,4.0,126.96666666666667
33268,33269,31982513#0,11.8,4.333333333333332
33270,33271,31982513#1,2.0,0.3
33274,33275,32006927#2,6.0,0.0
33276,33277,32007121,27.0,2561.570075757577
33278,33279,32008983,0.0,0.13144137415982074
33280,33281,32009682,13.0,59.67898844931229
33282,33283,32009683#0,21.0,78.37238760679107
33284,33285,32009826#0,9.0,4.948244424704291
33286,33287,32009827,26.0,125.89283139468095
33288,33289,32020916#0,17.2,4.3
33290,33291,32020916#1,15.2,2.3000000000000003
33292,33293,32021112,61.599999999999994,656.739674593242
33294,33295,32021365#0,11.0,1.05166637277376
33296,33297,32021365#1,14.0,1.8786810086404506
33298,33299,32021365#3,8.0,10.448658318425762
33300,33301,32021408,9.0,1.6215166049420184
33302,33303,32061928#0,4.0,0.4581280788177343
33304,33305,32061928#1,5.0,0.3645320197044337
33306,33307,32061928#2,11.0,1.9913978494623663
33308,33309,32061928#4,10.0,1.4322580645161282
33310,33311,32061928#5,6.0,0.652217741935484
33312,33313,32061928#6,2.0,0.30113636363636354
33314,33315,32061928#7,14.0,2.4450757575757573
33316,33317,32061928#8,2.0,0.23863636363636365
33318,33319,32061997,8.0,0.8308468340157855
33320,33321,32061997.96,6.0,25.33181413565962
33322,33323,32062034#3,6.0,1.2898409607270367
33324,33325,32062034#4,5.0,0.3609217786432975
33342,33343,320733897,1.0,0.24365628604382927
33344,33345,320733900#0,3.6,0.33333333333333326
33346,33347,320733900#1,5.0,0.7857142857142857
33348,33349,320733900#4,2.0,0.12500000000000008
33350,33351,320733900#5,2.0,0.4230769230769231
33352,33353,320733900#6,8.0,0.4358974358974356
33354,33355,320733900#7,16.0,2.6410256410256405
33356,33357,320733900#9,9.0,0.7564102564102569
33358,33359,320733901#0,1.0,0.2727272727272727
33360,33361,320733901#1,4.0,0.606060606060606
33362,33363,320733901#2,4.0,0.24242424242424238
33364,33365,320733903#1,6.0,0.22916666666666669
33366,33367,320733903#2,3.0,0.38333333333333325
33368,33369,320733903#3,8.0,0.7833333333333331
33370,33371,320733905#0,5.0,0.31884057971014523
33372,33373,320733905#1,6.0,0.6793478260869564
33374,33375,320733905#2,2.0,0.2536231884057971
33376,33377,320733906#0,1.4000000000000021,0.1721014492753624
33378,33379,320733906#2,3.400000000000002,0.34057971014492755
33380,33381,320733908,5.0,0.39743589743589736
33382,33383,320733909#0,3.0,0.22976832751507462
33384,33385,320733909#1,6.0,3.3877604993123867
33386,33387,320733909#2,5.0,27.943933142917583
33388,33389,320733910#0,2.0,0.21780303030303028
33390,33391,320733910#1,13.0,1.5227272727272727
33392,33393,320733910#2,20.0,6.263709919088997
33394,33395,320733911#0,5.0,0.564102564102564
33396,33397,320733911#1,12.600000000000001,2.474358974358975
33398,33399,320733911#2,4.600000000000001,0.5769230769230772
33400,33401,320733911#3,7.0,0.9162210338680928
33402,33403,320733911#4,3.400000000000002,0.2504456327985739
33404,33405,320733911#5,3.0,0.2352941176470589
33406,33407,320733913,2.0,0.24185463659147877
33408,33409,320733915,3.0,0.2087677091686715
33410,33411,320733916,2.0,0.5614035087719299
33414,33415,320733917#1,11.6,0.3333333333333335
33416,33417,320733917#2,15.2,4.0
33418,33419,32084380,6.000000000000002,7.333333333333335
33420,33421,32115351,5.6,0.33333333333333326
33422,33423,32115605,12.8,2.2380952380952377
33424,33425,32124561,6.0,5.98044397463002
33426,33427,32124563#0,3.0,0.3034773445732348
33428,33429,32124563#1,12.0,1.9562245973204881
33430,33431,32124637#1,60.0,925.6912195963429
33432,33433,32124744,4.0,0.30236329135759904
33434,33435,32124745,0.0,0.029130927334520152
33438,33439,32140179#0,2.0,0.24040404040404034
33440,33441,32140179#1,10.0,3.1726775956284152
33442,33443,32140180,18.0,3.6032786885245893
33444,33445,32140255,4.0,30.416418650793638
33446,33447,32140256#0,8.2,1.9555555555555557
33448,33449,32140256#1,11.0,2.2666666666666666
33450,33451,32140444#0,1.0,0.2373015873015873
33452,33453,32140444#2,9.0,0.8521008403361338
33454,33455,32140444#3,16.200000000000003,3.146218487394958
33456,33457,32140444#4,17.0,3.177777777777777
33458,33459,32140444#5,10.0,1.4730158730158722
33460,33461,32141019,1.0,0.18334578043315905
33462,33463,32141020#0,13.0,0.0
33464,33465,32141020#1,3.0,0.0
33466,33467,32199969#0,4.0,0.2847991865785459
33468,33469,32199969#1,2.0,0.2197508896797153
33470,33471,32199969#2,4.0,0.28448355720240837
33472,33473,32199969#3,4.0,0.34250424579280536
33474,33475,32199969#4,17.0,3.0313404500326775
33476,33477,32199969#5,11.0,464.91367569868066
33478,33479,32199989,59.0,1344.877301744928
33480,33481,32200414#0,8.0,1.1902834008097163
33482,33483,32200415#0,4.0,0.2777777777777777
33484,33485,32200415#1,3.0,0.14285714285714285
33486,33487,32200762#0,12.0,1.3970166379804942
33488,33489,32200762#2,8.0,0.8317901234567902
33490,33491,32200762#3,12.0,1.3746530989824237
33492,33493,32200762#4,8.0,0.46288798920377844
33494,33495,32200762#5,16.0,1.7857142857142843
33496,33497,32200983#0,17.0,8.479915433403807
33498,33499,32200983#1,31.0,248.28488372093028
33500,33501,32201042,8.0,1.5078855920876768
33502,33503,32201043,10.0,10.553571428571429
33504,33505,32201044#0,9.0,1.7611111111111117
33506,33507,32201044#1,4.0,0.3853107344632768
33508,33509,32201044#2,2.4000000000000057,0.2053571428571429
33510,33511,32201044#4,5.0,0.23809523809523808
33516,33517,32202011#0,3.0,2.345514950166113
33518,33519,32202011#1,1.0,0.10520487264673309
33520,33521,32202328,13.600000000000001,3.7142857142857113
33522,33523,32202330,8.0,1.064102564102564
33524,33525,32202510#0,8.0,0.8505747126436785
33526,33527,32202510#1,4.0,4290.528409090907
33528,33529,32202763,5.0,0.7352941176470587
33532,33533,32202927#0,15.0,3.7487804878048783
33534,33535,32202927#1,8.0,1.3485064011379793
33536,33537,32202927#2,27.200000000000006,14398.155263157896
33538,33539,32202968#0,91.0,0.0
33544,33545,32203023#0,2.0,0.3162891566265061
33546,33547,32203023#1,6.0,2.685317269076302
33548,33549,32203023#2,13.0,22.130120481927705
33550,33551,32203023#2.136,21.0,131.2440321285141
33554,33555,32203206,66.8,60.5
33556,33557,32203701#0,6.0,0.30000000000000016
33558,33559,32203701#1,5.0,0.3
33560,33561,32203701#2,6.2,0.8000000000000002
33562,33563,32203701#3,4.0,0.0
33564,33565,32203701#4,7.0,0.19999999999999996
33566,33567,32203888#0,4.2,0.4444444444444444
33568,33569,32203888#1,9.0,0.5714285714285716
33570,33571,32203888#2,11.8,2.2380952380952386
33572,33573,32203888#3,4.800000000000001,0.23809523809523805
33574,33575,32203959#0,12.2,1.6999999999999997
33576,33577,32203959#1,6.0,0.5714285714285715
33578,33579,32203959#3,5.4,0.9166666666666666
33580,33581,32203959#4,18.4,1.666666666666666
33582,33583,32203959#6,4.0,0.0
33584,33585,32203959#7,8.0,0.0
33586,33587,32225921,3.0,0.2382361228515074
33588,33589,32226141#0,6.0,0.9782608695652174
33590,33591,32229741,4.0,0.4592592592592595
33592,33593,32229742#1,5.0,0.5607843137254902
33594,33595,32229742#2,1.8000000000000043,0.17006033182503774
33596,33597,32229742#3,4.0,0.38605442176870747
33598,33599,32229742#4,3.0,0.22448979591836735
33600,33601,32229742#5,4.0,0.2974358974358973
33602,33603,32229973,10.2,2.4555555555555557
33604,33605,32229975#1,10.0,1.1636363636363638
33606,33607,32229975#2,5.0,1.0000000000000002
33608,33609,32229976,28.0,12.5
33610,33611,32230348,17.0,0.0
33612,33613,32230349#0,13.0,1.8103448275862066
33614,33615,32230349#1,4.0,0.4471264367816091
33616,33617,32230349#2,8.0,1.4666666666666663
33618,33619,32230724#1,13.4,2.277777777777775
33620,33621,32234776#0,3.0,0.19920634920634925
33622,33623,32234776#1,5.0,0.3402298850574712
33624,33625,32234776#2,7.0,0.6825396825396829
33628,33629,32253723,12.4,0.9166666666666665
33634,33635,32254162,85.6,512.0
33636,33637,32259255#1,4.0,0.3184873949579833
33638,33639,32259255#2,5.0,0.4456397016637982
33640,33641,32259258,15.0,0.9047619047619045
33642,33643,32274767#0,13.8,4.424242424242423
33644,33645,32274767#1,3.0,1.2424242424242424
33646,33647,32274767#2,2.0,0.33333333333333337
33648,33649,32274767#3,5.0,0.25000000000000006
33650,33651,323248155#2,27.400000000000002,186.7657894736842
33652,33653,323248156#0,99.4,2059.259109822216
33654,33655,323248169#0,46.0,517.05
33656,33657,32350852#0,4.0,0.4258049404816683
33658,33659,32350852#1,7.0,0.7156349400538302
33660,33661,32350852#1.78,4.0,11.855467059322232
33662,33663,32350852#3,30.0,133.7527402844461
33664,33665,32350901#0,1.0,0.1443108233117484
33666,33667,32350901#1,8.0,1.0214761040532367
33668,33669,32350901#2,9.0,0.8430059523809522
33670,33671,32350901#3,4.0,0.2822115384615383
33672,33673,32350901#4,5.0,0.39665309814563543
33674,33675,32350901#5,4.0,0.525039123630673
33676,33677,32350901#6,2.0,0.2486306729264475
33678,33679,32350901#7,10.200000000000003,31.804684684684677
33682,33683,32395288#2,8.8,0.5
33684,33685,32395288#3,10.0,0.0
33686,33687,32395327#1,58.0,0.0
33690,33691,32395361#1,27.2,13.0
33692,33693,32395414#0,25.0,0.0
33694,33695,32395414#1,9.6,2.0
33698,33699,32396358#0,4.0,0.30000000000000004
33700,33701,32396358#1,90.0,7393.6
33702,33703,324206932,6.0,1.3333333333333335
33704,33705,325057234,4.0,0.490909090909091
33708,33709,32509968#0,8.0,0.0
33710,33711,32509968#1,10.8,18.0
33712,33713,32509968#3,11.4,0.9166666666666665
33714,33715,32509968#5,25.8,11.95238095238095
33716,33717,32530108#0,6.0,0.5241935483870968
33718,33719,32530108#1,4.0,0.3660876757650952
33720,33721,32530108#2,4.0,0.31248966087675767
33722,33723,32530108#3,13.0,1.994427558257345
33724,33725,32530108#4,8.0,0.9228973148571143
33726,33727,32530108#5,5.0,0.4727638190954773
33728,33729,32530113#0,9.0,1.788888888888889
33730,33731,32530113#1,2.0,0.17777777777777776
33732,33733,32530113#2,7.6,2.333333333333334
33734,33735,32530113#3,9.0,0.3333333333333333
33736,33737,32530113#5,12.0,3.8666666666666663
33738,33739,32530113#6,9.4,0.9166666666666666
33740,33741,32530113#7,27.4,8.666666666666666
33742,33743,32545811,5.8,0.5
33752,33753,32597384#1,10.8,5.5
33754,33755,32597384#2,7.0,0.2999999999999999
33756,33757,32597384#3,14.0,0.0
33758,33759,32598753,6.0,4.0
33760,33761,32598755#0,3.0,0.26666666666666666
33762,33763,32598755#1,5.0,2.7
33764,33765,32598755#2,17.8,18.0
33766,33767,32598755#3,12.4,7.111111111111111
33768,33769,32598887#0,10.6,2.333333333333334
33770,33771,32598887#1,12.0,0.0
33776,33777,32684155#0,55.6,29.60079051383399
33778,33779,32684155#1,265.8,805.4285714285725
33780,33781,32684155#2,408.0,2484.3625000000006
33782,33783,32684156#0,2.0,0.25674474703231126
33784,33785,32684156#1,19.0,4.58084174442963
33786,33787,32684156#2,46.0,51.8746469148202
33788,33789,32684156#3,18.0,8.11757075471698
33790,33791,32684156#4,7.0,1.0503748125937031
33792,33793,32684156#5,122.4,198.20902304446622
33794,33795,32684156#6,86.8,79.22177419354837
33796,33797,32684157,17.0,2.7904761904761926
33800,33801,32728752,7.0,0.8181818181818181
33802,33803,32787437#0,16.2,2.3333333333333335
33804,33805,32787437#1,14.8,0.5
33806,33807,32787437#2,9.0,0.0
33808,33809,32787437#4,11.0,0.0
33810,33811,327975019,8.0,0.6777809968234925
33812,33813,327975020,5.0,0.41551282937962514
33814,33815,327975022,15.0,11.584267930126998
33816,33817,327975024,4.0,0.33187712363913763
33818,33819,32815473,54.0,41.582795698924734
33820,33821,32875547#0,43.0,24.90780141843973
33822,33823,32875547#1,3.0,2.854862119013063
33824,33825,32881076#0,46.0,355.03417578599976
33826,33827,32881184,2.0,0.5
33828,33829,32883444#0,4.8,0.5
33830,33831,32883444#1,3.6,2.0
33832,33833,329028996#1,15.0,3.999999999999999
33834,33835,329028998,36.8,4.515151515151515
33836,33837,329028999#1,2.0,0.1515151515151515
33838,33839,329029003,4.0,0.38655462184873945
33840,33841,329029004,12.0,2.271264367816092
33844,33845,329029040#1,1.4000000000000004,0.25
33846,33847,329029044,4.0,0.36363636363636365
33850,33851,32903546#2,6.4,0.6666666666666666
33852,33853,329108798#1,4.0,0.0
33854,33855,329108798#2,9.0,1.7666666666666664
33860,33861,32923863#0,2.0,0.20518807762494332
33862,33863,32923863#1,2.0,0.4315091340776642
33864,33865,32923863#2,6.0,0.6294754874792164
33866,33867,32923863#3,3.0,0.27217329689239805
33868,33869,32923863#4,4.0,0.3314573038049339
33870,33871,32923863#5,3.0,0.3568794014505078
33872,33873,32923867#0,9.0,0.8796019900497513
33874,33875,32923867#1,11.0,1.4652665852665856
33876,33877,32923867#2,13.199999999999989,60.09431846090876
33878,33879,32923867#4,5.0,1.1488523051023045
33880,33881,32924041#0,4.0,0.4
33882,33883,32924041#1,1.0,0.26666666666666666
33884,33885,32924041#2,3.0,0.16666666666666666
33886,33887,32924041#3,2.0,0.2666666666666667
33888,33889,32924042#1,5.0,0.9221153846153848
33890,33891,32937030,9.0,0.9166666666666664
33892,33893,32939505,6.0,0.0
33894,33895,32976551,2.0,0.2506300459431732
33896,33897,32976750,11.0,1.2274765116369728
33898,33899,32976751,5.0,1.5698442914692095
33900,33901,32976752,6.0,0.4847776805599743
33902,33903,32976753,14.0,2.0232351635341153
33904,33905,32976753-AddedOnRampEdge,5.0,0.4078363178925562
33906,33907,32976754,16.0,2.4018121755545074
33908,33909,32976755,7.0,2.0269073858968194
33910,33911,32978638#0,5.0,0.44406948150473513
33912,33913,32978638#1,13.0,37.19719367588928
33914,33915,32978638#2,17.0,75.71050065876148
33916,33917,32998243#0,12.0,2.0000000000000004
33918,33919,32998243#1,149.0,310.30000000000007
33920,33921,32998243#2,45.6,29.642857142857135
33922,33923,32998243#3,69.6,62.90476190476189
33924,33925,32999110,7.0,0.6259603837576047
33926,33927,32999110.68,16.0,44.852855087955426
33928,33929,32999434#0,55.0,405.5648805993634
33930,33931,32999435#0,22.599999999999994,191.89931442398182
33932,33933,330047631,15.8,0.5
33934,33935,330047633,14.0,5.333333333333334
33938,33939,330048410#0,17.0,0.0
33940,33941,330048410#1,11.0,0.5714285714285715
33944,33945,330048411#1,5.0,0.25000000000000006
33948,33949,330048412,12.8,0.5
33952,33953,330048413#1,4.0,2.3
33956,33957,330048683#1,2.0,0.0
33958,33959,330048683#2,3.4000000000000004,0.24999999999999997
33960,33961,330048683#3,4.0,0.25
33962,33963,330048683#4,4.0,0.9047619047619047
33968,33969,330048693,14.8,0.5
33970,33971,330048695,14.0,0.0
33972,33973,330688182#0,2.0,0.4469696969696971
33974,33975,330688182#1,16.0,1.9285714285714277
33976,33977,330688183#0,1.8,0.5
33978,33979,330688183#1,35.8,18.0
33980,33981,330690610#0,4.8,0.5
33982,33983,330690610#1,8.0,0.0
33994,33995,330690614#0,3.0,0.0
33996,33997,330690614#1,14.0,0.0
33998,33999,330694492#0,14.8,0.5
34000,34001,330908487,2.6,2.0
34004,34005,330908491,25.0,0.0
34006,34007,330908492#0,4.8,0.5
34010,34011,330908494#1,6.0,0.0
34012,34013,330908495#0,3.2,1.3333333333333333
34014,34015,330908495#1,10.4,6.8
34016,34017,330908496,8.8,1.2857142857142858
34018,34019,330908497#0,4.8,0.5
34022,34023,330908498#1,4.0,1.009433962264151
34030,34031,330908500#1,26.200000000000003,703.6666666666666
34034,34035,330908502,15.200000000000001,3.4285714285714284
34036,34037,330908503#0,4.0,0.0
34038,34039,330908503#1,4.0,0.7777777777777777
34040,34041,330908503#2,3.0,0.16666666666666669
34042,34043,330908503#3,3.6,2.3333333333333335
34044,34045,330908503#4,3.0,1.3333333333333333
34046,34047,330908503#5,2.8000000000000003,3.0
34050,34051,33102205#0,42.6,35.192307692307686
34056,34057,33102205#3,15.399999999999999,19.511099365750535
34058,34059,33102476,3.0,39.20302099334359
34060,34061,33102477,8.0,2.7287449392712553
34062,34063,33102490#0,2.0,0.2838864454218312
34064,34065,33102490#1,5.0,0.43053744748660017
34066,34067,332608836,2.0,0.0
34068,34069,332608837,19.0,0.0
34070,34071,332608838#0,5.0,2.0000000000000004
34074,34075,33280102#0,8.0,0.7382832143216341
34076,34077,33280102#1,12.0,1.3780994336060401
34078,34079,33280102#2,8.0,0.9547184277205872
34080,34081,33280102#3,60.0,511.0342941451656
34082,34083,33280103#0,2.0,0.6861216176898459
34084,34085,33280103#1,10.0,1.3747140321016118
34086,34087,33280103#2,1.0,0.2193394728485234
34088,34089,33280103#4,4.0,0.88369742029758
34090,34091,33280103#5,2.0,0.5562271310475674
34092,34093,33280103#6,5.0,75.9339148091744
34094,34095,33280103#7,52.0,513.344150629932
34096,34097,333213157#1,49.8,11.632352941176475
34098,34099,333213157#2,22.4,16.77777777777778
34100,34101,333213157#3,12.4,4.263157894736842
34102,34103,333213157#4,4.0,11.0233918128655
34104,34105,333418281,25.4,5.75
34106,34107,333420165#0,4.0,0.0
34110,34111,333420167,11.0,0.0
34112,34113,333420168#0,3.0,0.5666666666666667
34116,34117,333420171#1,6.4,0.6666666666666666
34118,34119,333420174#1,4.0,0.33333333333333337
34120,34121,333420174#2,6.0,0.0
34124,34125,333420175#1,4.0,1.2857142857142858
34126,34127,333420176#0,6.6,2.0
34128,34129,333420176#1,6.0,0.0
34136,34137,333420177#3,9.2,0.5000000000000002
34144,34145,333420180#1,4.6,1.0
34146,34147,333420180#2,7.6,0.3333333333333335
34148,34149,333420181,12.2,2.333333333333334
34154,34155,333420184#1,6.0,0.0
34164,34165,333421783#1,3.8,0.5
34170,34171,333421789#1,3.4000000000000004,0.25000000000000006
34174,34175,333424243#0,18.0,0.0
34176,34177,333424243#1,2.0,0.0
34178,34179,333424243#2,53.0,0.0
34180,34181,333424243#3,118.0,4146.333333333334
34182,34183,333428400#0,8.8,0.5
34184,34185,333428400#1,2.0,0.0
34186,34187,333428400#3,1.0,0.0
34188,34189,333428401,7.600000000000001,11.0
34194,34195,333428409#2,9.0,0.0
34198,34199,333428411#1,4.2,4.0
34200,34201,333428414,16.2,40.5
34206,34207,333434590#1,10.0,0.5897435897435902
34208,34209,333434590#2,4.0,0.28571428571428575
34210,34211,333434590#3,11.0,0.2999999999999998
34212,34213,333434595,23.0,2976.571428571428
34216,34217,333434597#0,8.6,1.0
34218,34219,333434597#1,12.0,0.0
34224,34225,333434600#1,2.0,0.0
34228,34229,333434601,6.0,0.0
34230,34231,333434751,38.0,0.0
34232,34233,333436242,12.6,2.0
34236,34237,333438877#1,4.8,0.5
34240,34241,333438878#1,22.0,0.0
34242,34243,333438880#0,3.0,0.0
34244,34245,333438880#1,41.0,0.0
34246,34247,333438884,2.8,0.5
34248,34249,333438885#1,3.0,0.0
34254,34255,333438885#4,1.8,0.5
34256,34257,333438885#5,3.6,2.0
34258,34259,333438885#6,7.0,0.0
34262,34263,334062994#1,23.0,0.0
34264,34265,334062994#2,32.0,0.0
34266,34267,334065604,4.8,0.5
34268,34269,334065606,21.0,0.0
34270,34271,334065609,5.4,0.24999999999999992
34272,34273,334065611,6.0,0.7000000000000002
34276,34277,334065616,4.6,0.33333333333333326
34278,34279,334066858#1,6.6,0.33333333333333326
34280,34281,334066858#11,4.0,0.14102564102564102
34282,34283,334066858#2,22.2,8.0
34284,34285,334066858#3,4.8,0.5
34288,34289,334066858#5,13.6,2.0
34290,34291,334066858#7,2.0,0.2777777777777778
34292,34293,334066858#9,4.0,1.4181818181818182
34294,34295,334066859#0,3.0,0.0
34296,34297,334066859#1,5.0,0.4
34298,34299,334066859#2,12.0,0.0
34300,34301,334066859#3,6.8,0.5
34302,34303,334066859#4,3.0,0.0
34304,34305,334066860#1,5.8,0.5
34310,34311,334656212#0,44.0,301.06666666666666
34312,34313,335392792,17.0,2.9743589743589745
34316,34317,335392800#0,10.0,0.0
34320,34321,335392801,8.0,0.0
34322,34323,335810252#2,2.4000000000000004,0.9166666666666666
34324,34325,335810252#3,3.0,0.24999999999999997
34326,34327,335810252#4,19.200000000000003,8.25
34332,34333,336233945#0,15.0,0.0
34338,34339,336708438,9.0,0.0
34340,34341,336708442,5.0,0.0
34344,34345,33697953,12.0,1.3160919540229894
34348,34349,337345698,38.4,32.0
34354,34355,337345699#3,17.0,0.0
34358,34359,337346379,8.2,0.7000000000000002
34366,34367,337347381#2,3.0,0.0
34372,34373,337347473#1,3.0,0.0
34374,34375,337347473#2,3.8,0.5
34376,34377,337348718#0,12.0,0.33333333333333304
34378,34379,337348718#1,13.0,0.3333333333333335
34380,34381,337348718#2,5.0,0.0
34382,34383,337348718#3,2.0,0.2678571428571429
34384,34385,337348722#0,7.8,0.5
34386,34387,337348722#1,3.0,0.0
34390,34391,337348724,8.0,0.0
34396,34397,337348726#2,25.0,0.0
34414,34415,337577835,34.4,84.5
34416,34417,337577836,11.4,1.5833333333333328
34418,34419,337577948,13.0,0.0
34420,34421,33779209,6.0,1.175616835994195
34424,34425,337875143#1,19.6,2.333333333333335
34430,34431,337985555#1,4.0,0.0
34438,34439,337986523#1,26.0,0.0
34442,34443,33814393#1,5.0,0.43271521806692204
34444,34445,33814393#2,9.0,0.8804512089810023
34446,34447,33814393#3,11.0,1.601412521815008
34448,34449,338574357#0,7.0,0.6233179546328338
34450,34451,338574357#1,4.0,0.1767829680891965
34454,34455,339189103#0,24.8,11.666666666666666
34456,34457,339189103#1,41.400000000000006,31.6590909090909
34458,34459,339189103#3,7.0,0.9714285714285715
34460,34461,339417557#1,3.0,0.30000000000000004
34462,34463,339417557#2,2.0,0.26785714285714285
34464,34465,339417557#3,4.0,0.2857142857142857
34466,34467,339417557#4,6.0,0.2857142857142857
34468,34469,339417557#5,6.0,0.2678571428571428
34470,34471,339417557#6,3.0,0.8611111111111112
34472,34473,339417557#7,2.0,0.27777777777777785
34474,34475,339417557#8,6.0,1.6732026143790848
34476,34477,339418351,28.8,1.5833333333333341
34478,34479,339698300,18.8,0.5
34482,34483,34015253#1,35.2,18.011111111111116
34508,34509,34026117#10,13.6,2.0
34516,34517,34026117#14,5.4,0.3611111111111111
34518,34519,34026117#15,4.0,0.2857142857142857
34520,34521,34026117#16,10.0,0.3333333333333335
34524,34525,34026117#3,18.0,0.0
34538,34539,34026134#0,2.0,0.0
34540,34541,34026134#1,3.0,0.0
34570,34571,34026352#2,13.6,2.0
34572,34573,34026352#3,11.0,0.3333333333333333
34574,34575,34026352#4,20.4,2.2500000000000004
34576,34577,34026352#5,15.0,1.3333333333333333
34578,34579,34026352#6,46.0,10.25
34586,34587,34026368,24.8,2.9166666666666656
34588,34589,34027769#0,8.0,0.0
34596,34597,342059249#1,6.0,1.2814102564102563
34598,34599,342059249#2,5.0,1.0847851335656213
34600,34601,342059249#3,10.0,1.2224157955865274
34602,34603,342059249#4,3.6000000000000014,0.7884828349944628
34604,34605,342059249#5,9.0,1.5421099290780147
34606,34607,342059250#0,10.0,1.2551912568306014
34608,34609,342059250#1,10.0,0.9513661202185795
34610,34611,34230893,25.4,3.3333333333333317
34612,34613,344545840,79.0,26.5
34614,34615,344545841,31.0,0.0
34616,34617,344545842#0,10.0,0.25000000000000017
34618,34619,346571110#1,12.0,0.0
34620,34621,34880352#1,14.0,2.2178030303030316
34622,34623,34880352#2,1.8000000000000007,0.17641129032258068
34624,34625,34880352#3,4.0,0.25000000000000006
34626,34627,34880352#4,10.0,1.273684210526316
34628,34629,34880352#6,14.600000000000001,2.553571428571428
34630,34631,34880352#7,11.2,0.7999999999999998
34632,34633,34880352#8,8.8,0.5
34634,34635,350320331#0,55.200000000000045,4367.873989446674
34636,34637,350320331#1,2.0,1.2066320217767876
34638,34639,35064464#0,27.200000000000003,13.5
34640,34641,35064464#1,8.2,1.2999999999999998
34644,34645,35064464#3,8.0,0.0
34646,34647,35064465,20.6,2.0
34648,34649,35073467#0,9.0,1.1555555555555554
34650,34651,35073467#1,11.0,2.25
34652,34653,35073467#3,18.0,0.0
34654,34655,35073467#4,6.6,2.333333333333333
34656,34657,35073468#0,41.0,21.207977207977212
34658,34659,35073468#1,9.600000000000001,0.5714285714285711
34660,34661,35073468#2,9.0,0.8
34662,34663,35073468#3,22.6,1.0
34664,34665,35342077#1,9.0,0.33333333333333304
34666,34667,35342077#2,12.0,0.0
34672,34673,35342077#5,7.0,0.0
34674,34675,35342077#6,12.0,1.2678571428571435
34676,34677,35342077#7,9.0,27.553571428571434
34678,34679,35342079#1,6.0,4.358727612937717
34680,34681,35342079#2,5.0,0.33627372360331464
34682,34683,35342079#3,3.0,0.25210084033613445
34684,34685,35342079#4,4.0,0.09717514124293801
34686,34687,35342079#5,11.0,0.9703389830508474
34700,34701,35342080#6,12.0,0.8857142857142859
34702,34703,35342080#7,4.2,0.5
34704,34705,35342080#8,2.0,0.0
34706,34707,35342844#0,1.0,0.0
34710,34711,35342845#0,5.6,2.0
34712,34713,35342845#1,7.8,0.5
34716,34717,35342846#0,4.0,1.4285714285714284
34718,34719,35342846#1,15.0,0.0
34720,34721,35342846#2,14.0,0.0
34722,34723,35342846#3,14.0,0.0
34724,34725,35342846#4,21.4,4.5
34726,34727,35342847#1,12.0,0.46283391405342666
34728,34729,35342847#2,3.0,0.1876876876876876
34730,34731,35342847#4,3.0,0.2777777777777777
34732,34733,35342847#5,1.0,0.26666666666666666
34734,34735,35342847#6,2.0,0.125
34736,34737,35342847#7,1.0,0.16666666666666666
34738,34739,35342847#9,2.0,0.0
34740,34741,35342848#1,4.0,0.7000000000000001
34746,34747,35417465#1,12.0,1.2914979757085019
34748,34749,35417465#2,21.200000000000003,5.826436781609194
34750,34751,35417465#3,11.0,2.8941176470588243
34752,34753,35417465#4,5.0,1.0459830866807611
34754,34755,35417466#0,136.6,251.89919354838707
34756,34757,35417466#1,46.6,10.699999999999996
34758,34759,35417467,16.200000000000003,2.25
34762,34763,35468001#0,108.6,54.916666666666664
34764,34765,35468001#1,4.4,0.9166666666666665
34766,34767,35468001#2,48.2,36.91666666666668
34768,34769,35468001#3,92.4,52.25
34770,34771,354967514#1,1.0,0.17460317460317457
34772,34773,354967514#2,1.0,0.09032258064516131
34774,34775,354967544#0,3.0,273.45516881831617
34776,34777,354967544#1,33.0,1000.4697697134417
34778,34779,354967545#0,4.0,0.347833802317033
34780,34781,354967545#1,30.0,1067.5759080351431
34800,34801,35588519#0,15.0,0.33333333333333304
34802,34803,35588519#1,6.0,0.0
34808,34809,35588522#0,3.4000000000000004,0.24999999999999997
34810,34811,35588522#1,20.8,7.583333333333333
34818,34819,35589036#0,192.60000000000002,447.99999999999983
34820,34821,35589036#1,38.6,29.025641025641022
34822,34823,35589037,19.0,0.0
34826,34827,35681685#0,12.0,5.018181818181818
34828,34829,35681685#1,4.0,0.5535714285714286
34830,34831,35681685#2,4.0,0.6287878787878786
34832,34833,35681687,11.0,1.4666666666666663
34834,34835,35681724,11.0,1.8999999999999992
34836,34837,35681725,7.8,0.5
34838,34839,35743273,50.4,32.0
34840,34841,35743389#0,14.2,2.333333333333334
34842,34843,35743389#1,4.4,0.9166666666666666
34844,34845,35743389#3,10.8,3.0
34850,34851,35744086#0,34.0,213.524261038051
34852,34853,35744154#0,5.0,6.884559884559883
34854,34855,35744154#1,10.400000000000006,54.970808080808084
34856,34857,35744155#0,4.0,0.3083164300202839
34858,34859,35744155#1,1.0,0.2525404420141261
34860,34861,35744155#2,6.0,0.5982078110431992
34862,34863,35744155#3,1.0,0.28110936682365256
34864,34865,35744155#4,3.0,0.3166458072590736
34866,34867,35744155#5,1.0,0.16708437761069336
34868,34869,35779587,16.800000000000004,135.8
34870,34871,35779588#0,9.8,0.5
34872,34873,35779588#1,6.4,1.5
34874,34875,35779588#2,15.0,0.0
34876,34877,358042226,19.4,4.642857142857142
34902,34903,35921580#1,7.0,0.24999999999999992
34904,34905,35922590,7.0,0.9999999999999998
34906,34907,35926298,3.8000000000000003,3.0
34908,34909,35926319#0,7.0,0.8571428571428571
34910,34911,35926319#1,8.2,1.8333333333333333
34912,34913,35926319#4,7.4,3.230769230769231
34914,34915,35926319#5,8.600000000000001,10.141025641025642
34916,34917,35926528#0,3.0,0.23173343011386832
34918,34919,35926528#1,5.0,6.925542971352427
34920,34921,35926529,2.0,0.2734146402046749
34924,34925,35960028#0,7.8,0.5
34934,34935,361492963,17.200000000000003,4.666666666666666
34936,34937,36291830#0,2.0,0.23892140468227416
34938,34939,36291830#1,4.0,2.9680183946488286
34940,34941,363564528#1,1.0,0.2
34946,34947,36550449,8.0,0.0
34950,34951,36689751#0,6.0,1.284893497757848
34952,34953,36689751#1,11.0,1.6940863228699556
34954,34955,36788200#0,8.600000000000003,961.111111111111
34956,34957,36788200#1,6.0,0.28571428571428564
34958,34959,36788200#2,4.0,0.29999999999999993
34960,34961,36788201#0,20.6,2.333333333333333
34966,34967,36788203#1,6.0,0.0
34970,34971,36789283#2,11.4,4.5
34972,34973,36789284#1,2.0,0.2857142857142857
34976,34977,36789284#4,3.8,0.5
34980,34981,36792010#0,7.0,0.45454545454545453
34982,34983,36792010#1,14.0,0.9230769230769224
34984,34985,36792010#2,11.0,0.5897435897435899
34990,34991,36792015#0,19.8,3.0
34992,34993,36792015#1,8.0,0.28571428571428575
34994,34995,36792017#1,12.0,1.4365591397849469
34996,34997,36792017#2,9.0,1.1341991341991344
34998,34999,36792017#3,11.0,6.090476190476188
35000,35001,36792018,15.0,1.0999999999999994
35002,35003,36792019,15.0,2.089743589743592
35004,35005,36792021#0,3.8,0.5
35006,35007,36792021#1,8.0,2.1666666666666665
35008,35009,36792021#2,6.0,0.2678571428571428
35010,35011,36792021#3,14.6,1.0
35012,35013,36793495#1,6.0,0.3333333333333335
35018,35019,36793495#4,4.2,8.0
35020,35021,36793495#5,3.6,2.333333333333333
35022,35023,36793495#6,5.600000000000001,18.8
35024,35025,36793495#7,4.0,5.466666666666667
35026,35027,36793495#8,3.0,0.12500000000000008
35030,35031,36793497#0,17.0,1.3333333333333321
35048,35049,36793502#1,11.4,4.5
35050,35051,36793503#0,14.4,4.5
35052,35053,36793503#1,15.6,1.0
35054,35055,36793503#2,4.0,0.0
35058,35059,36793503#4,2.0,0.0
35060,35061,36793503#5,1.0,0.0
35062,35063,36793503#6,2.0,0.0
35064,35065,36793503#7,14.8,3.0
35066,35067,36793503#8,11.0,0.0
35068,35069,36793509#1,16.0,1.9277210884353722
35070,35071,36793511#0,4.0,0.0
35072,35073,36793511#1,24.0,0.0
35080,35081,36962701#0,7.0,0.0
35082,35083,36962701#1,2.0,0.0
35084,35085,37192503#0,10.8,1.238095238095238
35086,35087,37192503#1,140.2,173.9444444444445
35088,35089,37192504,9.6,2.0
35090,35091,37192505#1,6.0,0.6923076923076923
35092,35093,37192505#2,24.8,10.575498575498576
35094,35095,37192506#0,11.8,2.9166666666666665
35096,35097,37192506#1,3.0,0.0
35098,35099,37192506#2,3.8,0.5
35102,35103,37192507#1,6.0,0.0
35104,35105,37192508#0,9.200000000000001,3.818421052631579
35106,35107,37192508#1,6.600000000000001,1.2320261437908497
35108,35109,37192511#0,10.0,0.0
35110,35111,37192511#1,13.0,0.0
35112,35113,37192511#2,3.0,0.0
35114,35115,37193852#0,8.0,0.5624999999999999
35116,35117,37193852#1,7.0,0.2666666666666667
35118,35119,37193852#2,9.0,0.9696969696969693
35120,35121,37193852#3,9.0,1.6380952380952378
35122,35123,37193852#4,7.0,0.41071428571428575
35124,35125,37193853,8.6,0.33333333333333304
35126,35127,37193854,17.0,0.0
35128,35129,37193855#0,8.8,0.5
35142,35143,37193858#0,13.0,6.290909090909092
35144,35145,37193858#1,10.6,2.3333333333333335
35150,35151,37193859#1,9.6,0.3333333333333335
35152,35153,37193859#11,10.0,1.4933333333333334
35154,35155,37193859#12,10.600000000000001,1.5714285714285718
35156,35157,37193859#13,7.0,0.0
35158,35159,37193859#2,3.0,0.9999999999999999
35160,35161,37193859#3,10.6,2.3333333333333335
35162,35163,37193859#4,6.0,0.5714285714285717
35164,35165,37193859#5,5.0,0.28571428571428575
35166,35167,37193859#6,7.0,1.0714285714285712
35168,35169,37193859#8,9.0,3.7692307692307696
35170,35171,37193859#9,8.4,0.7967032967032972
35174,35175,37193861#0,5.0,0.5666666666666667
35176,35177,37193861#1,7.4,0.24999999999999992
35182,35183,37193862#1,14.6,2.0
35188,35189,37193864,86.4,128.25
35190,35191,37193865,16.0,0.0
35198,35199,37255717#0,3.0,3.8888888888888884
35200,35201,37255717#1,4.200000000000001,1.4842105263157896
35202,35203,37255717#2,9.8,7.151515151515153
35204,35205,37255717#4,6.0,0.0
35206,35207,37255717#5,4.6,0.33333333333333326
35214,35215,37255726#0,8.0,3.1014492753623206
35216,35217,37255726#2,5.0,0.8484848484848487
35218,35219,37255726#3,4.0,0.21428571428571427
35220,35221,37255726#4,5.0,0.6666666666666664
35222,35223,37255726#5,25.0,13.900000000000002
35248,35249,37256211,28.6,7.696428571428572
35250,35251,37275085,58.4,32.0
35252,35253,37282369,16.0,1408.8003918313136
35254,35255,37282688#0,2.0,1.9796929654100266
35256,35257,37282688#1,2.0,3.0120804492621143
35258,35259,37282688#2,10.0,543.593857230392
35260,35261,37282688#3,5.0,219.79290627811807
35262,35263,37282688#4,2.0,34.722910642984985
35264,35265,37282688#5,48.80000000000001,468.09408237464714
35266,35267,37282738,4.0,4.290763052208834
35268,35269,37386279#0,4.0,0.0
35270,35271,37386279#1,10.0,0.3333333333333333
35272,35273,37451605,12.0,2.733333333333334
35274,35275,37480109,8.0,1.0752706552706555
35278,35279,37547253,19.2,1.3000000000000007
35280,35281,376277111,20.0,0.0
35288,35289,376285856#3,55.0,0.0
35290,35291,376285856#4,3.8,0.5
35292,35293,376285856#5,25.2,40.5
35294,35295,376285856#6,13.2,8.0
35296,35297,376285856#7,2.8,0.5
35298,35299,37649447#0,4.0,0.33131313131313134
35300,35301,37649447#1,5.0,0.5252525252525254
35302,35303,37649447#2,3.0,0.3192389006342494
35304,35305,37649447#3,8.0,1.4942028985507243
35306,35307,37649448#0,6.0,0.7657142857142855
35308,35309,37649448#1,5.0,0.523137254901961
35310,35311,37649448#2,11.0,1.956632653061224
35312,35313,37681424#0,26.0,0.0
35314,35315,37681424#1,26.0,6.699999999999998
35316,35317,37681425#1,5.2,1.333333333333333
35318,35319,37681425#2,1.4000000000000004,0.25
35320,35321,37681425#3,4.4,0.25
35322,35323,37681425#4,5.0,0.9666666666666665
35324,35325,37681425#5,2.0,0.3333333333333332
35326,35327,37681425#6,7.0,1.0294117647058822
35328,35329,37681425#7,8.0,2.5894736842105273
35330,35331,37681592#0,11.4,0.9010989010989013
35332,35333,37681592#2,19.6,7.719696969696968
35334,35335,37681592#3,2.8000000000000007,0.446969696969697
35336,35337,37681592#4,14.200000000000001,7.250000000000001
35338,35339,37681592#5,9.8,2.2499999999999987
35340,35341,37681592#6,4.0,0.25
35342,35343,37681592#7,2.0,0.2500000000000001
35344,35345,37681592#8,4.0,0.4999999999999998
35346,35347,37714408#0,2.0,0.0
35348,35349,37714408#1,8.0,0.0
35358,35359,37715612#2,2.0,0.3
35360,35361,37715613#0,7.8,0.5
35362,35363,37715613#1,14.6,2.0
35368,35369,37715614#1,12.6,2.0
35370,35371,377208351#0,5.0,0.0
35372,35373,378466167,3.0,0.2512018575224202
35374,35375,378946906,3.0,0.5924061529248851
35376,35377,378946906.15,2.0,1.8426169206516025
35378,35379,378946907,2.0,0.20542958747368859
35380,35381,378946908,1.0,0.16217709628401714
35382,35383,378946911,8.0,0.9637096774193549
35384,35385,379510292,3.0,0.5256410256410257
35386,35387,379520414#0,1.0,0.26515151515151514
35388,35389,379520414#1,3.0,0.2651515151515152
35390,35391,379718294,3.0,0.16794674859190997
35392,35393,379721535,6.2,2.3
35398,35399,379723622#0,1.0,0.0
35400,35401,379723622#1,8.0,0.3333333333333335
35402,35403,379723623#0,6.0,0.513883746760459
35404,35405,379723623#2,4.0,0.4479279279279277
35406,35407,379723624#1,12.0,33.48050798351793
35408,35409,379795369,2.0,0.29564173257163573
35410,35411,379795371,2.0,0.2421809127691482
35412,35413,379795373,2.0,0.6061461538702827
35414,35415,379795373.16,2.0,0.23456821026282873
35416,35417,379795383,5.0,0.40110759493670883
35418,35419,379795384,6.0,0.49351265822784807
35420,35421,379795385,1.0,0.08446498400284398
35422,35423,379795386,2.0,0.30000000000000004
35424,35425,379795387,2.0,0.27498854786990395
35426,35427,379795388,2.0,0.1821006485436015
35428,35429,379795389,1.0,0.16113445378151256
35430,35431,379795390,2.0,0.3669355749892662
35434,35435,379897806,8.0,12.572549264848934
35436,35437,380058449,7.0,0.9166666666666666
35438,35439,380271165#0,40.0,312.4608002362317
35440,35441,380273341,72.0,762.1948626716614
35442,35443,380273342,6.0,36.835402853124386
35444,35445,380273346,9.0,0.0
35446,35447,380273350,51.6,1104.5
35448,35449,380273351#1,12.0,0.0
35450,35451,380273351#2,6.0,0.0
35460,35461,381247993,0.0,0.07192807192807192
35462,35463,381247994,2.0,0.2051282051282051
35466,35467,38305646#0,9.0,0.9763157894736842
35468,35469,38305646#2,8.0,3.3532763532763523
35470,35471,38305646#3,9.0,1.0753968253968251
35472,35473,38434492#0,10.0,0.6919929865575681
35474,35475,38434492#1,7.0,0.422082459818309
35476,35477,38434492#2,5.0,0.25017470300489153
35478,35479,38434492#4,17.0,1.819611470860314
35480,35481,38434492#5,3.0,0.20444033302497686
35482,35483,38434492#7,9.0,0.5217391304347828
35484,35485,38434492#8,14.0,1.3588794926004235
35486,35487,38434577,4.0,0.2857142857142857
35488,35489,38434578,16.0,1.6074332171893146
35490,35491,38435025,7.0,0.31673469387755104
35492,35493,38550961#0,36.0,0.0
35494,35495,38550961#1,14.6,2.0
35496,35497,38550961#2,31.0,0.0
35498,35499,38550961#3,48.0,0.0
35500,35501,38550998#0,20.0,0.0
35502,35503,38550998#1,3.0,0.7999999999999999
35504,35505,38550998#2,2.0,0.0
35506,35507,38551086#1,55.4,8.666666666666666
35508,35509,38573373#0,23.0,0.0
35510,35511,38573373#1,10.8,0.5
35514,35515,38573375#0,11.0,0.0
35516,35517,38573375#1,14.4,4.5
35518,35519,38573376#0,12.0,0.0
35520,35521,38573376#1,6.0,0.0
35522,35523,38573377#0,17.2,8.0
35524,35525,38573377#1,23.0,3.0
35526,35527,38573380,16.0,1.3333333333333333
35528,35529,386687232#0,3.0,10.14911806914547
35530,35531,386687232#1,45.0,380.6658942589615
35532,35533,386687235#1,15.0,7.7006642288782094
35534,35535,386687235#1.84,3.0,0.2749173717889113
35536,35537,386687242#1,9.0,1.8880795130795147
35538,35539,386687242#2,2.0,0.20716783216783222
35540,35541,386687242#3,5.0,0.5789869852369851
35542,35543,387031636,18.0,9.5
35544,35545,387031636.74,23.0,10.333333333333332
35546,35547,389552421#1,8.2,1.3000000000000003
35548,35549,389552421#2,3.4000000000000004,0.25000000000000006
35550,35551,389552421#3,14.6,1.0
35552,35553,389552421#4,3.0,0.0
35554,35555,389552421#5,1.6,0.33333333333333337
35556,35557,389565213#0,16.0,3.8666666666666663
35558,35559,389831363,4.0,0.5344827586206896
35560,35561,389831364#1,12.0,584.4610971140635
35562,35563,389831364#1.51,4.0,0.4304970224461748
35564,35565,389840420#0,6.0,0.4886363636363636
35566,35567,389840420#1,4.0,0.4153225806451612
35568,35569,389840420#2,10.0,1.49390243902439
35570,35571,389840420#3,28.6,107.89700996677742
35572,35573,389840423#0,25.0,5.179428571428577
35574,35575,389840423#2,12.0,1.5821772278465203
35576,35577,390068133#0,2.0,0.30487804878048774
35578,35579,390068133#1,9.0,1.1480111008325626
35580,35581,390068133#2,5.0,0.3755781683626272
35582,35583,390068133#3,6.0,0.5217391304347826
35584,35585,390282481,3.0,0.7865353037766832
35586,35587,390565276#0,2.0,0.26785714285714285
35588,35589,390565276#1,3.0,0.23333333333333328
35590,35591,390565277#0,6.6000000000000005,0.21428571428571447
35592,35593,390565277#1,6.0,0.9727272727272727
35594,35595,390565278#0,4.0,0.5625
35596,35597,390565278#1,1.0,0.2857142857142857
35598,35599,390565279,5.0,0.3110516934046349
35600,35601,390565280,2.0,0.0
35602,35603,390565281,2.0,0.29738466059359386
35606,35607,390565283,1.0,0.14150943396226423
35608,35609,390832775#0,8.0,0.23657474600870826
35610,35611,390832776#1,5.0,0.0
35614,35615,390832777#1,29.0,0.0
35616,35617,390835794#0,4.0,8.446893420715412
35618,35619,390835794#1,5.0,21.945605376456992
35620,35621,390835794#2,16.0,102.13640857869883
35622,35623,390842191#0,2.8,0.5
35624,35625,390842191#1,2.8,0.5
35626,35627,390842192#0,1.0,0.09441441441441442
35628,35629,390842192#1,2.0,0.2403603603603603
35630,35631,390842192#2,3.0,0.3506887052341599
35632,35633,390842192#3,1.0,0.1652892561983471
35634,35635,390842192#4,4.0,0.25316804407713484
35636,35637,391029004#0,9.0,0.8220211161387634
35638,35639,391029004#1,11.0,1.7243107769423553
35640,35641,391029004#2,7.0,0.7677595628415309
35642,35643,391029005#1,5.0,0.25000000000000006
35644,35645,391029007,7.200000000000001,52.59999999999999
35646,35647,391029008#0,3.0,0.33849688806701295
35648,35649,391029008#1,11.0,1.5568633796254863
35650,35651,391029008#2,11.0,127.55237633253643
35652,35653,391029008#3,47.0,521.4140670688092
35654,35655,391029009#0,7.0,0.8511304160146768
35656,35657,391029009#0.80,9.800000000000011,38.844377741860995
35658,35659,391029010,8.0,0.4500000000000001
35660,35661,391029011#0,8.0,0.4181818181818183
35662,35663,391029011#1,13.0,0.9958333333333335
35666,35667,391029011#3,4.8,0.5
35668,35669,391029012#0,4.0,0.5428571428571428
35670,35671,391029012#1,3.0,0.5151515151515152
35672,35673,391029012#2,10.4,1.0000000000000002
35674,35675,391029012#3,5.0,0.2857142857142857
35676,35677,391029012#4,11.4,0.9166666666666665
35678,35679,391029012#5,9.0,1.6000000000000003
35680,35681,391029012#6,5.0,0.2777777777777776
35682,35683,391029013,14.0,0.9999999999999997
35684,35685,391029014#0,6.800000000000001,0.23809523809523825
35686,35687,391208987#0,13.0,22.294901960784316
35688,35689,391208987#1,10.0,2.1129411764705885
35690,35691,391208988,5.0,0.863129939111284
35692,35693,391208990,30.0,30.470483178734607
35694,35695,391208991,4.4,0.24999999999999992
35698,35699,391208992#1,16.4,4.5
35700,35701,391208993#0,20.0,5.7476190476190485
35702,35703,391208993#1,16.0,9.666666666666666
35704,35705,391208993#2,5.4,0.9166666666666666
35706,35707,391208993#3,7.0,0.0
35710,35711,391208993#5,13.0,50.0
35712,35713,391344206#0,25.0,1.333333333333334
35714,35715,391344206#1,22.4,1.583333333333333
35716,35717,391344206#3,6.6,1.0
35718,35719,391344206#4,4.0,0.33333333333333326
35720,35721,391344206#5,4.0,0.33333333333333337
35722,35723,391344206#7,1.0,0.0
35724,35725,391344207,7.8,0.5
35726,35727,391344216,5.0,0.536610343061956
35728,35729,391606911#0,16.0,2.058356062241234
35730,35731,391606911#1,7.0,0.6753502705414415
35732,35733,391606911#2,12.0,1.2002545971427547
35734,35735,391606911#3,3.0,0.9875887461902999
35736,35737,391606911#4,3.0,1.739795289184857
35738,35739,391606914,3.0,0.27309944062835123
35740,35741,391606915,2.0,0.31194637011361415
35746,35747,391758377,3.0,0.3925077671136367
35748,35749,391885896#0,7.6,2.0
35750,35751,39227066#0,26.2,16.333333333333332
35752,35753,39227066#1,27.8,0.5
35754,35755,39227066#2,23.200000000000003,10.000000000000002
35756,35757,39227661#1,5.0,0.49384825700615176
35758,35759,39227661#2,2.0,0.5323010323010322
35760,35761,39236841#1,13.0,0.0
35762,35763,39236841#4,17.0,0.0
35764,35765,392631301,4.0,0.5502246181491464
35768,35769,39265639#2,10.0,0.8522167487684734
35770,35771,39265640#0,22.0,0.0
35774,35775,392714143#1,3.0,0.2764342789498159
35776,35777,392714143#1.19,4.0,0.3804452815609004
35782,35783,393244238,1.0,0.23845745194629583
35784,35785,393244241#0,3.0,0.23548966756513925
35786,35787,393244241#0.36,2.0,0.2521212121212122
35788,35789,393244241#0.36.12,2.0,0.3094207379921665
35790,35791,393420106#0,1.0,0.09473684210526313
35792,35793,393420106#1,13.200000000000001,2.660526315789474
35794,35795,393420112#0,6.0,0.5206258890469413
35796,35797,393420112#1,9.0,1.0867709815078235
35798,35799,393420112#2,5.0,0.3584637268847793
35800,35801,393420112#4,2.0,0.21052631578947364
35802,35803,393420116#1,10.0,56.020425226946955
35804,35805,393420116#3,11.200000000000003,1.7747815230961297
35806,35807,393420116#4,4.0,0.45014701951349895
35808,35809,393420116#5,2.0,1.8500000000000003
35810,35811,393420116#6,12.0,2.106726606726607
35812,35813,393420116#7,4.0,0.4314699792960661
35814,35815,39345679#1,2.0,0.2748538011695906
35816,35817,39345679#2,3.0,0.2651515151515152
35822,35823,39443315#1,31.0,0.0
35828,35829,39444328#0,5.2,0.20000000000000007
35830,35831,39444328#2,4.2,0.19999999999999996
35832,35833,39444740#1,5.0,0.0
35834,35835,39444740#2,4.0,0.0
35836,35837,39444746#0,16.0,0.0
35840,35841,39444746#2,33.4,4.5
35842,35843,39444746#3,20.0,13.258241758241754
35844,35845,39444746#4,11.0,6.040935672514619
35846,35847,39444747,17.0,4.957142857142855
35848,35849,39444748,2.0,0.2
35850,35851,39445512#1,9.0,0.8999999999999998
35852,35853,39445513,9.0,0.0
35854,35855,39445515,9.0,0.0
35864,35865,39445788#0,7.8,0.5
35866,35867,39445788#1,25.0,0.0
35870,35871,39445789,17.200000000000003,11.583333333333334
35874,35875,39445984#0,13.0,0.0
35878,35879,39445985,58.0,0.0
35880,35881,39446253#0,113.0,0.0
35882,35883,39446253#1,30.0,12.5
35884,35885,39530040,9.0,35.30810441437747
35886,35887,39530041,5.0,94.48161906999141
35888,35889,39530043,8.8,0.5
35890,35891,39530044#0,9.0,0.3333333333333335
35892,35893,39530044#1,2.2,0.7
35894,35895,39530044#2,8.0,0.5535714285714285
35896,35897,39530044#3,5.0,1.92
35898,35899,39530044#4,3.0,0.2571428571428571
35900,35901,39530044#5,36.8,101.15765765765768
35906,35907,39577537,6.6000000000000005,17.822222222222223
35908,35909,39577538,9.0,0.5064738292011023
35910,35911,39577540,5.0,0.8787878787878786
35912,35913,39603434,8.0,1.0694548170276326
35914,35915,39603435#0,3.0,0.25668449197860965
35916,35917,39603436#0,4.0,0.37384957156458265
35918,35919,39603436#1,10.0,3.8062519834973014
35920,35921,39603436#2,2.0,0.250445632798574
35922,35923,39603436#3,4.0,0.23885918003565063
35924,35925,39603437,2.0,0.2521929824561404
35926,35927,39603438#0,14.0,2.085636067621216
35928,35929,39603438#1,1.0,0.13137910952255877
35930,35931,396370763#1,2.0,0.0
35932,35933,396370764#1,2.0,0.0
35934,35935,396370768,32.4,20.333333333333336
35942,35943,396370773#1,2.0,0.0
35944,35945,396370774#1,1.0,0.0
35946,35947,396370774#2,4.8,0.5
35948,35949,39649524#0,59.20000000000002,557.7101449275365
35950,35951,39649528,16.0,43.896721311475424
35952,35953,39649533,4.0,0.33885464817668204
35954,35955,39697943,11.0,2.1770289546823047
35956,35957,39698489,15.8,4.75
35958,35959,39704293#0,3.0,1.1413130048924796
35960,35961,39704293#1,25.0,3.8577767664125613
35962,35963,39704293#2,4.0,0.36488792809193316
35964,35965,39704293#3,7.0,0.5329370083468451
35966,35967,39704293#4,2.0,0.24920434756500345
35968,35969,39704919#0,35.0,257.3744768683271
35970,35971,39704920,4.0,0.3782603281198833
35972,35973,39704922,8.0,1.0094149487504318
35974,35975,39704923,15.0,1.6265763222284944
35976,35977,39704924,10.0,3.5676991569574708
35978,35979,397584419,51.0,0.0
35980,35981,397587871#0,25.8,8.527777777777779
35982,35983,397587871#1,2.0,0.3333333333333333
35984,35985,397587871#2,56.400000000000006,18.666666666666664
35986,35987,397587872#0,17.400000000000002,6.17142857142857
35988,35989,397587872#1,30.8,12.545454545454545
35994,35995,397588246,6.0,0.0
35998,35999,39857771,112.6,165.67965367965365
36000,36001,39857772#0,43.0,17.11111111111111
36002,36003,39857772#1,22.8,8.933333333333334
36006,36007,39860602,1.0,0.11446430971904824
36008,36009,39860603,6.0,0.4725769592687188
36010,36011,39860604#0,7.0,0.6666666666666665
36012,36013,39860604#2,37.0,0.0
36016,36017,39861704#1,6.0,0.2507212168895883
36018,36019,39861707,2.0,0.7675913329784502
36020,36021,39861708#0,2.0,0.2992282205424283
36022,36023,39861708#1,9.0,0.9650616034759834
36024,36025,39863083#0,19.0,7.363636363636365
36026,36027,39863083#2,4.0,0.2666666666666667
36028,36029,39863083#3,5.0,0.0
36034,36035,39863083#6,8.0,0.0
36036,36037,39863083#7,5.0,0.0
36038,36039,39863083#8,4.0,0.0
36040,36041,39863084#0,7.0,0.0
36042,36043,39863084#1,7.8,0.5
36044,36045,39863084#2,4.0,0.9166666666666666
36046,36047,39863084#3,8.0,1.1483516483516483
36048,36049,39863084#4,12.0,1.5624999999999996
36050,36051,39863084#5,30.4,252.81286549707602
36052,36053,39863101,12.0,0.0
36056,36057,39918462,7.0,0.0
36058,36059,39918464,7.0,0.0
36060,36061,39918466,7.6,1.0
36062,36063,399835085#0,6.0,0.5470620996936784
36064,36065,399835085#1,17.0,2.9002900652646852
36066,36067,399835085#2,15.0,4.0388480265202515
36068,36069,399835087#0,10.0,3.1566666666666663
36070,36071,399835087#1,14.0,1.7470355731225298
36072,36073,399835087#2,10.0,1.0706521739130432
36074,36075,399835087#4,34.2,10.884210526315792
36076,36077,400100578,5.8,0.5
36078,36079,400100580#1,4.6,2.0
36080,36081,400100580#2,10.2,8.0
36082,36083,40059576#0,4.0,0.4704918032786886
36084,36085,40059576#1,10.0,1.3498285154336118
36086,36087,402154210,1.6,0.33333333333333337
36088,36089,402600768#1,10.0,3.2386818109102524
36090,36091,403879902#1,2.0,0.0
36092,36093,40490659#0,7.6,2.0
36094,36095,40490659#1,14.8,0.5
36096,36097,40490659#2,10.6,2.0
36098,36099,40493395,6.0,0.0
36104,36105,40493437#2,4.0,0.0
36106,36107,40496432#0,1.0,0.0
36110,36111,40512185#1,24.0,2.9994192799070842
36112,36113,40512185#2,29.0,4.664451827242523
36120,36121,40578426#1,10.600000000000001,1.6964285714285716
36122,36123,4058133#1,10.4,11.444444444444445
36124,36125,4058133#2,7.8,0.5
36126,36127,4058141,14.0,2.44991554769719
36128,36129,4058147#0,3.0,0.5545881284070256
36130,36131,4058147#1,5.0,0.4286581077540443
36132,36133,40623117#0,7.0,0.6480375766260646
36134,36135,40623117#1,5.0,0.6406917681206159
36136,36137,40623117#2,2.0,0.1964040957832782
36138,36139,40623117#3,4.0,0.32225289471666285
36140,36141,40631191,4.0,0.33333333333333337
36144,36145,40640588#0,3.0,0.26666666666666666
36146,36147,40640588#1,4.0,0.16666666666666669
36148,36149,40640588#2,2.0,0.24901185770750986
36150,36151,40640588#3,3.0,0.6666666666666669
36152,36153,40640588#4,2.8000000000000007,0.6923076923076924
36154,36155,40640588#5,3.400000000000002,1.3940886699507389
36156,36157,40642783#0,11.400000000000006,178.80952380952377
36158,36159,40642783#1,1.0,0.0
36162,36163,40642783#3,9.0,1.4761904761904763
36164,36165,40642787#0,18.2,8.0
36166,36167,40642787#1,5.2,3.2888888888888896
36168,36169,40642787#2,10.8,3.6666666666666665
36170,36171,40642790#0,3.0,0.0
36172,36173,40642790#1,3.6000000000000014,12.769230769230772
36174,36175,40642790#2,2.0,0.2651515151515152
36194,36195,40799279,21.6,0.3333333333333339
36196,36197,40801033#3,12.4,13.758241758241759
36198,36199,40801034#0,19.2,0.6999999999999997
36200,36201,40801034#1,3.0,0.10000000000000007
36202,36203,40801035#1,4.800000000000001,0.446969696969697
36204,36205,40801035#2,10.0,1.3333333333333333
36206,36207,40801035#3,31.0,21.366666666666664
36210,36211,40801035#5,1.0,0.0
36212,36213,40801035#6,8.0,3.5588235294117645
36214,36215,40801035#8,16.200000000000003,3.457142857142857
36216,36217,40801035#9,23.0,5.758241758241757
36218,36219,40801036,21.6,7.0
36220,36221,40801039,24.200000000000003,13.857142857142858
36222,36223,40801168,17.0,0.0
36228,36229,40888350#1,17.8,3.0
36230,36231,40888351#0,21.200000000000003,8.527777777777779
36232,36233,40888351#1,5.0,0.7692307692307695
36234,36235,40888351#3,4.0,0.3833333333333334
36236,36237,40888351#5,4.600000000000001,0.40340909090909083
36238,36239,40888351#6,8.0,80.42142857142858
36240,36241,40888354#0,11.4,1.6666666666666667
36242,36243,40888354#1,7.4,0.9166666666666666
36244,36245,40888354#2,2.0,0.0
36246,36247,40888354#3,2.0,0.0
36248,36249,40888354#4,5.6,2.0
36250,36251,40888356#0,5.0,0.3333333333333335
36252,36253,40888356#2,2.6,0.33333333333333337
36254,36255,40888356#3,2.0,0.0
36256,36257,40888356#4,1.6,0.33333333333333337
36258,36259,40888356#5,3.0,1.0
36260,36261,40888356#6,3.0,0.2
36262,36263,40888359,29.0,21.2
36264,36265,40888360#1,11.2,1.333333333333333
36272,36273,40930495#1,22.0,90.33333333333333
36274,36275,41051113#0,15.4,1.842105263157895
36276,36277,41051113#1,27.0,5.9447368421052635
36278,36279,41051113#2,16.0,3.339495798319328
36280,36281,41051113#3,7.0,0.6352941176470588
36290,36291,41106793#3,14.0,0.0
36292,36293,41106793#4,13.8,4.916666666666667
36294,36295,41139095,10.8,0.5
36296,36297,41139660#0,14.0,2.3852040816326534
36298,36299,41139660#1,2.0,0.12499999999999999
36300,36301,41139660#2,9.0,0.9701960784313723
36302,36303,41139660#3,3.0,0.3636363636363637
36304,36305,41139660#4,4.0,0.2556390977443609
36308,36309,41190839#0,36.0,0.0
36310,36311,41190839#1,3.0,0.0
36312,36313,41190839#2,30.6,16.916666666666668
36314,36315,41190840,22.0,10.333333333333332
36316,36317,41193093#0,2.0,0.16363636363636364
36318,36319,41193093#1,60.6,48.57142857142859
36320,36321,41193093#2,46.0,0.0
36322,36323,41193100#0,118.2,1776.3333333333333
36324,36325,41195860#1,10.800000000000004,23.124999999999996
36328,36329,41195860#11,13.600000000000007,322.5
36330,36331,41195860#2,1.2000000000000002,0.2
36332,36333,41195860#3,4.8,0.5
36336,36337,41195860#5,9.0,1.2000000000000002
36338,36339,41195860#6,8.6,2.0
36340,36341,41195860#7,4.0,0.0
36346,36347,41195861#0,5.0,3.0
36348,36349,41195861#1,6.8,0.5
36350,36351,41195862#0,6.8,0.5
36352,36353,41195862#1,4.2,1.3333333333333333
36358,36359,41195865#0,2.0,0.0
36360,36361,41195865#1,2.8,0.5
36362,36363,41195865#2,2.8,0.5
36364,36365,41195865#3,1.0,0.0
36366,36367,41195866,2.8,0.5
36368,36369,41195867#0,5.0,0.16666666666666666
36370,36371,41195867#1,11.0,0.0
36372,36373,41195867#2,4.0,0.0
36374,36375,41195869#0,10.0,0.0
36376,36377,41195869#1,4.0,0.0
36378,36379,41195869#2,3.0,0.0
36380,36381,41195869#3,3.0,0.0
36382,36383,41195869#4,3.8,0.5
36384,36385,41195869#5,4.0,0.0
36400,36401,41199134,15.0,2.4044117647058814
36406,36407,41203193,32.0,0.0
36408,36409,41203916#0,17.6,24.5
36410,36411,41203916#2,2.8,0.5
36412,36413,41203916#3,2.0,0.0
36420,36421,41204161,12.0,0.0
36422,36423,41222724#0,5.0,4.690163831523445
36428,36429,41225169,17.8,0.5
36430,36431,413002076#0,194.0,378.24153846153854
36432,36433,413002077#0,168.2,143.2582417582418
36434,36435,413002077#1,16.0,0.8
36438,36439,413002080,83.0,65.76666666666667
36442,36443,413332605,11.6,1.0
36444,36445,41359029#0,11.0,0.0
36448,36449,41400364,116.80000000000001,159.52564102564097
36450,36451,41425835#0,21.0,9.552294506035286
36452,36453,41425835#0.246,17.0,397.5583092969529
36458,36459,414730013#0,7.0,0.9166666666666666
36460,36461,414730013#1,28.6,13.799999999999997
36464,36465,41494423#0,4.0,0.2678571428571428
36466,36467,41494423#1,5.0,0.125
36468,36469,41494741#0,3.0,0.045228403437358664
36470,36471,41494741#1,3.0,0.19711538461538453
36472,36473,41494741#2,3.0,0.25961538461538464
36474,36475,41522167#0,2.0,0.23589269195189635
36476,36477,41522167#1,12.0,1.3413506012950958
36478,36479,41522169#0,4.0,0.41269841269841273
36480,36481,41522169#1,2.0,0.13810137457044672
36482,36483,41522169#2,9.0,0.5622852233676977
36484,36485,41522169#3,4.0,0.13917525773195868
36486,36487,41522169#4,4.0,0.6046068913002095
36488,36489,41522170,13.0,5.333333333333334
36490,36491,41530624#0,67.0,1052.7706349206348
36492,36493,41530624#1,6.0,0.0
36494,36495,41530624#2,28.0,0.0
36498,36499,41539057#3,10.0,1.333333333333333
36500,36501,41567676#0,13.0,2.127972027972028
36502,36503,41567676#1,6.0,0.527039627039627
36504,36505,420153789,5.0,1.1251641649625488
36510,36511,42277294,12.8,0.5
36512,36513,42277295#0,9.0,0.5714285714285717
36514,36515,42277295#1,7.0,0.0
36516,36517,42277296,11.0,3.410714285714287
36518,36519,42315764#0,5.0,0.7999999999999999
36520,36521,42315764#1,6.0,0.0
36524,36525,423804014#0,2.4000000000000004,0.24999999999999997
36526,36527,423804014#1,3.0,0.0
36528,36529,423804014#4,19.0,1.9999999999999993
36530,36531,423804014#5,2.0,0.0
36532,36533,423804014#6,3.0,0.0
36534,36535,423804014#7,3.0,0.0
36538,36539,423804017,18.0,0.0
36542,36543,423804019,4.600000000000001,1.6256921373200446
36544,36545,424028485#0,68.0,94.96666666666667
36546,36547,424028486,18.0,4.061497326203204
36548,36549,42444460#0,3.0,0.2536231884057972
36550,36551,42444460#1,32.0,12.534534534534536
36552,36553,42444460#2,11.0,1.574912891986063
36554,36555,42444460#3,8.0,0.7154471544715447
36556,36557,42444460#4,4.0,0.3909090909090909
36558,36559,42444461,4.0,0.3460144927536232
36560,36561,42485338#0,17.0,2.9358974358974366
36562,36563,42485338#1,16.6,1.3974358974358985
36564,36565,42485339,122.2,98.0
36566,36567,42485340,14.0,0.0
36568,36569,42487766#1,12.0,1.167047184170471
36570,36571,42487766#2,6.0,1.0937010954616586
36576,36577,42487767#2,16.0,0.0
36578,36579,42487768,8.0,0.0
36580,36581,42491774#0,12.0,0.24999999999999986
36582,36583,42491774#1,3.0,0.0
36584,36585,42491774#2,2.0,0.0
36588,36589,42491776#0,8.6,1.0
36592,36593,42491777,10.0,0.0
36594,36595,42491779,6.0,0.0
36596,36597,424967099,5.0,0.0
36598,36599,424967103,1.0,0.0
36600,36601,42508855#0,33.0,23.466666666666676
36602,36603,42508855#1,17.6,2.0
36604,36605,42508855#2,18.6,2.0
36606,36607,42508856#1,14.0,26.566666666666663
36608,36609,42508856#2,49.0,55.366666666666674
36610,36611,42508858#1,12.8,1.1428571428571426
36618,36619,42508865#1,12.0,77.99070847851335
36620,36621,425100437#0,2.0,0.0
36622,36623,425100437#1,14.0,2.25
36628,36629,425100438#1,5.8,0.5
36638,36639,425100439#10,3.0,0.25000000000000006
36642,36643,425100439#3,14.4,4.5
36644,36645,425100439#4,7.0,0.0
36646,36647,425100439#5,4.0,0.0
36648,36649,425100439#6,3.0,0.0
36650,36651,425100439#7,3.0,0.0
36652,36653,425100439#8,3.0,0.25000000000000006
36654,36655,425100439#9,3.6,0.33333333333333337
36658,36659,425100440#2,6.0,0.0
36660,36661,425100440#3,4.0,0.0
36662,36663,425100440#4,19.0,0.0
36664,36665,425100442,4.0,0.0
36668,36669,425100449#1,10.0,0.0
36670,36671,425100450#0,4.8,0.5
36672,36673,425100450#1,23.4,3.333333333333334
36674,36675,425100451#0,1.0,0.0
36676,36677,425100451#1,7.0,0.0
36678,36679,425100453#1,28.4,14.25
36682,36683,425100455#1,10.4,0.6666666666666666
36684,36685,425100455#2,6.4,0.24999999999999992
36692,36693,425100456#1,10.6,0.3333333333333335
36702,36703,425100457#1,11.0,1.0
36704,36705,425100457#2,7.0,0.2777777777777777
36710,36711,425100458#1,10.0,0.0
36718,36719,425100460#1,11.0,0.0
36724,36725,425100461#1,11.0,1.0666666666666669
36726,36727,425100461#2,7.0,0.2666666666666668
36730,36731,425100461#4,8.0,0.0
36734,36735,425100462#1,2.0,0.0
36736,36737,425100462#2,8.6,1.0
36738,36739,425100462#3,6.8,0.5
36742,36743,425100463,21.4,4.916666666666665
36744,36745,425100465#0,9.0,0.0
36746,36747,425100465#1,10.0,0.0
36748,36749,425100465#2,6.0,0.0
36750,36751,425100465#3,14.0,1.2
36752,36753,425100465#4,7.0,0.7000000000000001
36756,36757,425100466#0,3.0,1.2
36758,36759,425100466#1,3.0,0.12500000000000003
36762,36763,425100466#3,3.8000000000000007,0.23809523809523805
36764,36765,425100466#4,3.0,0.0
36766,36767,425100466#5,3.8,0.5
36770,36771,425100467#1,10.0,0.8909090909090909
36772,36773,425100467#2,7.0,0.26666666666666644
36774,36775,425100467#3,13.8,0.5
36780,36781,425100470#0,2.0,0.0
36784,36785,425100470#2,1.8,0.5
36790,36791,425148882#0,4.6000000000000005,1.125
36792,36793,425148882#1,2.6,0.33333333333333326
36800,36801,42517570,7.2,0.8444444444444446
36802,36803,42517571#0,19.400000000000002,6.666666666666668
36806,36807,42517571#2,1.0,0.0
36808,36809,42517575#0,70.0,62.73593073593075
36812,36813,426547307,13.8,2.265151515151515
36814,36815,426547308,12.2,4.0
36816,36817,42674130#1,6.2,1.3333333333333335
36818,36819,42674130#2,10.8,0.5
36820,36821,42674133#0,43.0,0.0
36828,36829,42674133#5,31.4,4.699999999999999
36830,36831,42674133#6,35.4,19.0
36832,36833,42674135#0,19.4,4.5
36834,36835,42674135#1,27.0,12.5
36838,36839,42674135#3,25.6,2.0
36840,36841,4268816#0,33.0,105.20454787247208
36846,36847,42738708,21.0,4.384965524671403
36848,36849,42738709#0,7.0,0.6170097198399086
36850,36851,42738709#0.106,10.0,1.0824757004002281
36852,36853,42738709#1,8.0,16.406299212598423
36854,36855,42745460,4.0,24.616493467528592
36856,36857,42745461#1,15.0,72.50074461991659
36858,36859,42745545#0,7.0,2.225133014662875
36862,36863,429033100,38.400000000000006,18.123486682808718
36876,36877,4324820,25.0,4.54925037253292
36878,36879,4324827#1,11.0,30.783505847560143
36882,36883,433271143,3.0,0.7569892473118277
36884,36885,433271144,1.8,0.5
36886,36887,433809228,6.0,0.0
36888,36889,433809243,3.0,0.0
36890,36891,433809256,11.800000000000004,1.8077816492450636
36892,36893,433809259#0,16.0,4.007507507507508
36894,36895,433809259#1,2.0,0.2584615384615384
36896,36897,433809272#0,11.2,2.5
36898,36899,433809272#2,8.0,1.4444444444444446
36900,36901,433809275#0,16.6,6.80952380952381
36902,36903,433809275#1,3.0,0.29999999999999993
36904,36905,433809279#0,6.0,0.0
36906,36907,433809279#1,22.0,12.5
36910,36911,433809279#3,17.0,2.266666666666668
36912,36913,433809279#4,7.0,0.2666666666666668
36914,36915,433809283#0,15.2,1.3
36918,36919,433809283#3,6.4,0.25
36920,36921,433809283#4,10.0,0.0
36922,36923,433809285#0,3.8,0.5
36924,36925,433809285#1,3.6,0.33333333333333337
36926,36927,433809285#2,3.0,0.0
36928,36929,433809285#3,3.6,0.33333333333333337
36930,36931,433809285#4,4.0,2.0
36932,36933,433809285#5,3.0,0.3333333333333333
36940,36941,434992724#0,4.6,2.0
36942,36943,434992724#1,7.0,0.0
36944,36945,434992724#2,2.0,0.0
36946,36947,435015473,8.2,0.20000000000000018
36948,36949,435127858#1,3.0,0.0
36950,36951,435127858#2,4.0,0.28571428571428575
36952,36953,435127859#0,7.0,1.4727272727272727
36954,36955,435127859#1,13.2,1.2999999999999998
36956,36957,435127860,10.200000000000003,17.619047619047617
36958,36959,435177658,16.6,2.0
36964,36965,435296968,38.8,18.0
36966,36967,435366812,2.0,0.2
36970,36971,43543903,6.0,0.0
36972,36973,435562885,6.0,0.30000000000000004
36976,36977,438473448,19.2,5.877777777777777
36982,36983,439478422,1.0,0.0
36984,36985,439478423,1.0,0.0
36986,36987,4396670,2.0,0.24327776713291172
36988,36989,4396674,1.0,0.19650620978333208
36992,36993,439871826,5.0,0.638838475499093
36994,36995,441565711,23.4,4.5
36996,36997,441714405,8.0,0.0
36998,36999,441810448#0,11.0,1.1129411764705888
37000,37001,441810448#1,3.0,0.2831372549019609
37002,37003,441810448#2,1.0,0.0964705882352941
37004,37005,44902765,10.2,2.3333333333333335
37006,37007,449057052,2.0,0.753217335708087
37008,37009,449057052.11,2.0,0.7618151649388809
37010,37011,449057056,2.0,0.5341229649051737
37012,37013,449057056.9,3.0,1.0095730052253358
37014,37015,449057059,2.0,0.2434639088371114
37016,37017,449057060,2.0,0.4751392216434255
37018,37019,449057060.18,3.0,1.5550409903631432
37020,37021,449283358#1,14.0,0.0
37024,37025,450072140,10.0,48.81269841269841
37026,37027,450076615#0,63.0,516.009355016973
37028,37029,450094703,5.0,0.9343556705761418
37030,37031,450094709,4.0,0.4185430463576164
37032,37033,450094710,7.0,6.0423424160597845
37034,37035,450094712,5.0,0.46885356604851575
37036,37037,450094713,13.0,1.932266666666667
37038,37039,450094714,4.0,8.402570215278702
37040,37041,45378204#0,11.0,0.9298850574712645
37042,37043,45378204#1,17.8,2.9183467741935494
37044,37045,457182376,19.0,4.242424242424239
37046,37047,457182377,105.6,191.23076923076925
37050,37051,457182379,51.6,23.699999999999992
37052,37053,457182382,20.0,5.9692307692307685
37054,37055,457182384,45.2,26.55149501661129
37062,37063,467634653,7.0,0.0
37072,37073,467634656#0,2.0,0.0
37074,37075,467634656#1,9.0,0.0
37076,37077,467634657#0,11.0,0.0
37078,37079,467634657#1,11.2,1.333333333333334
37082,37083,467634658#0,4.0,0.0
37084,37085,467634658#1,7.0,0.0
37086,37087,467634659#0,4.0,0.25000000000000006
37088,37089,467634659#2,6.0,0.0
37090,37091,467634660#0,4.0,0.30000000000000004
37092,37093,467634660#1,7.0,0.0
37104,37105,467634661#6,1.0,0.0
37106,37107,467634661#7,12.2,0.7999999999999999
37110,37111,469737222,18.0,0.0
37112,37113,469737224,3.0,0.33333333333333326
37114,37115,469737225#0,3.0,0.3
37116,37117,469737225#1,4.8,0.5
37120,37121,47067277,12.4,0.24999999999999986
37122,37123,47067278,58.0,18.916666666666668
37124,37125,47067279,7.0,0.0
37126,37127,472368139,4.400000000000002,0.4764492753623188
37128,37129,472368140,5.0,0.3285714285714288
37130,37131,472368141,5.0,0.2727272727272727
37132,37133,472368142,5.0,0.2666666666666667
37134,37135,472368143,3.0,0.21978021978021975
37136,37137,472368144,3.0,0.20229885057471264
37138,37139,472368145,6.6,0.33333333333333326
37140,37141,472368146,5.0,0.9166666666666666
37142,37143,472368151,5.0,1.311184939091916
37144,37145,472368152,5.0,2.008488612836439
37146,37147,47316356#0,5.0,0.0
37150,37151,475496141#0,2.0,1.4666666666666663
37152,37153,475496141#1,5.0,0.16666666666666669
37154,37155,475496141#2,5.0,0.0
37156,37157,475496141#3,9.2,8.0
37158,37159,475886450,8.0,1.3626373626373627
37160,37161,478421093#1,5.0,0.0
37162,37163,480213874#1,2.0,16.318840579710145
37164,37165,481432711,24.0,0.0
37166,37167,4815093#1,15.0,0.3333333333333335
37168,37169,4815093#2,10.0,0.3333333333333335
37170,37171,4819338#1,7.0,52.21399834665196
37172,37173,4819338#2,3.0,0.2605246113989636
37174,37175,4819338#3,2.0,0.3018620139768304
37176,37177,4819338#4,7.0,0.8121283909327387
37178,37179,48234439#4,20.8,1.0
37180,37181,4826080,8.0,0.0
37182,37183,4826092#0,3.0,0.28321428571428586
37184,37185,4826092#1,1.0,0.09266815848361196
37186,37187,4826092#2,2.0,0.16295143212951424
37188,37189,4826092#3,1.0,0.20596835225318183
37190,37191,4826092#4,3.0,0.7507286432160799
37192,37193,482729033,12.8,0.5
37194,37195,48444993,10.0,0.9913752913752918
37196,37197,484875201#1,9.0,8.54666666666667
37198,37199,484875201#2,58.0,54.438431372549005
37200,37201,484875201#3,30.4,32.61538461538461
37202,37203,484875201#4,35.0,19.6
37204,37205,484875201#5,94.6,115.55357142857143
37206,37207,484875201#6,31.6,11.839285714285714
37208,37209,486362408,3.8,0.5
37210,37211,48742425#0,10.0,2.9378763567720645
37212,37213,48742425#1,2.0,0.21842869701486803
37214,37215,48742425#2,3.0,0.2623484631801281
37216,37217,48742425#3,8.0,2.6966781708369307
37218,37219,490041771,34.0,0.0
37220,37221,490041772,47.8,28.0
37222,37223,4942376#1,35.0,10.666666666666663
37224,37225,4942407,22.0,25.331561526479753
37226,37227,4942408,9.600000000000023,2714.2057125943456
37228,37229,4942575#0,28.0,35.96815705587696
37230,37231,4942575#1,3.0,0.8288560936742182
37232,37233,4942575#2,15.0,11.837972811922212
37234,37235,4942575#3,47.60000000000002,578.2753861159855
37236,37237,4942575#4,20.600000000000023,260.41704804350115
37238,37239,4942659#0,10.0,23.49043573359797
37240,37241,4942659#1,11.0,2179.130871973512
37242,37243,49887169#1,31.0,18.780126849894287
37244,37245,49887169#2,5.0,0.7902040816326537
37246,37247,49887169#3,4.0,1.659703860391327
37248,37249,500200351#1,12.0,1.6
37250,37251,500252910#1,3.0,0.0
37252,37253,500252912#0,3.0,0.0
37254,37255,500254610#1,2.0,0.0
37256,37257,500254611#0,4.0,8.333333333333332
37258,37259,50191615#1,6.4,0.24999999999999992
37260,37261,50192291#0,2.6,0.33333333333333326
37262,37263,50192291#1,7.8,0.5
37264,37265,50192291#2,7.0,0.0
37266,37267,50192291#3,1.0,0.0
37268,37269,50192291#4,3.0,0.0
37274,37275,50192291#7,2.0,0.0
37276,37277,50192291#8,2.8,0.5
37282,37283,50192550#0,3.0,0.0
37286,37287,50299718,4.0,0.0
37288,37289,506207150,27.0,4.691798941798942
37290,37291,507836375,15.0,1.7999999999999998
37292,37293,507836379,14.4,1.4999999999999993
37294,37295,50833756#1,50.4,7.0
37296,37297,50833756#2,88.6,1.0
37300,37301,51244813#5,13.0,1.324296499656829
37302,37303,51244813#6,6.0,0.7022461814914642
37304,37305,51244813#7,13.0,2.264857093063784
37306,37307,51244813#8,3.0,0.40323222673354003
37308,37309,51262567#0,7.0,0.7613122171945698
37310,37311,51262567#1,7.0,0.5671191553544493
37312,37313,51262567#2,24.0,5.440784313725492
37314,37315,51262567#3,8.0,0.7194570135746607
37316,37317,51262568,6.0,0.32304900181488205
37336,37337,515573959,6.8,0.5
37350,37351,51560240,10.600000000000001,1.6964285714285718
37352,37353,51560242#0,1.0,0.0
37354,37355,51560242#1,4.0,0.25000000000000006
37358,37359,51560242#11,4.0,3.0
37360,37361,51560242#12,1.0,0.0
37362,37363,51560242#13,3.0,0.3333333333333333
37364,37365,51560242#14,1.8,0.5
37366,37367,51560242#2,4.0,0.0
37368,37369,51560242#3,3.0,0.0
37370,37371,51560242#4,4.0,0.0
37372,37373,51560242#5,4.0,2.7
37374,37375,51560242#7,3.8000000000000007,2.6666666666666665
37376,37377,51560242#8,4.4,0.6666666666666666
37378,37379,51560242#9,4.0,1.2380952380952381
37380,37381,51560244#0,3.0,0.4502164502164502
37382,37383,51560244#1,4.0,0.8939393939393939
37384,37385,51560244#2,4.0,0.7789473684210527
37386,37387,51560244#3,4.0,0.35897435897435903
37388,37389,51560244#4,5.0,0.36363636363636365
37390,37391,51560244#5,4.0,0.39999999999999997
37392,37393,51560245,13.200000000000001,5.2678571428571415
37394,37395,51560246#0,3.6000000000000005,1.0714285714285716
37396,37397,51560246#1,14.6,2.0
37398,37399,51560246#2,1.0,0.0
37402,37403,51560556,12.4,4.5
37404,37405,51560557#0,11.0,0.3333333333333335
37406,37407,51560557#1,4.0,0.0
37410,37411,51560614#1,6.0,4.4
37412,37413,51561013,10.0,4.2666666666666675
37418,37419,515964574,6.0,0.3333333333333335
37420,37421,51743953#1,9.0,1.0633865248226952
37422,37423,51743953#2,6.0,46.7299107142857
37424,37425,51743953#3,1.4000000000000057,0.1644345238095238
37426,37427,51745097#0,16.0,425.47522780249994
37428,37429,51745097#0.53,8.0,25.30787240090968
37430,37431,51745097#1,3.0,15.72427278473353
37436,37437,51856495#1,22.0,58.72163120567375
37438,37439,51856496#0,4.0,4.3052216748768455
37440,37441,51856496#1,1.0,0.1666666666666667
37442,37443,51856496#10,1.0,0.15833666533386645
37444,37445,51856496#2,5.0,0.924556213017752
37446,37447,51856496#3,13.0,1.8001174398120954
37448,37449,51856496#4,5.0,0.7304114490161006
37450,37451,51856496#5,3.0,0.6774149844194554
37452,37453,51856496#6,3.0,0.32011019283746567
37454,37455,51856496#7,1.0,0.17617079889807152
37456,37457,51856496#8,3.0,0.34793650793650793
37458,37459,51856496#9,6.0,0.9504126984126985
37460,37461,51857517#0,3.0,5.175184519496484
37462,37463,51857517#0.59,46.0,539.738714746817
37464,37465,51857517#1,51.0,730.5172669104502
37466,37467,51857519#0,8.0,1.8106066575857527
37468,37469,51872702,15.0,2.000000000000001
37470,37471,51872703,8.0,2.004261232051875
37474,37475,51872715,87.0,0.0
37476,37477,51890699#0,30.0,3.0666666666666655
37478,37479,51890699#1,17.0,3.6666666666666665
37480,37481,51890699#2,59.0,0.0
37482,37483,51890700#0,54.6,26.199999999999992
37484,37485,51890700#1,42.0,0.0
37486,37487,51890708#0,3.0,0.8974358974358974
37488,37489,51890708#1,7.800000000000001,2.0
37502,37503,523096471,3.0,0.0
37510,37511,523500301,8.0,0.0
37512,37513,523500303,5.6,1.0
37514,37515,523500304,9.0,1.6999999999999997
37516,37517,523500307,7.0,0.0
37520,37521,52513194,4.0,0.25641025641025644
37524,37525,52513815,3.0,0.21021021021021016
37526,37527,52564193#1,3.0,0.6181818181818179
37528,37529,52564193#2,6.4,0.6666666666666665
37530,37531,52572753#0,5.0,0.47042253521126737
37532,37533,52572753#1,3.0,0.23955669224211426
37534,37535,52572753#2,9.0,1.3613749434644953
37536,37537,52572753#3,3.0,0.25418362731795563
37538,37539,52918687#0,12.0,0.0
37540,37541,52918687#2,10.0,2.633333333333333
37544,37545,52918687#5,5.0,0.0
37548,37549,53396619#0,1.0,0.0
37550,37551,53396619#1,3.0,0.0
37552,37553,53396619#2,6.0,0.0
37554,37555,53396619#3,7.6,4.333333333333333
37556,37557,53396619#4,9.0,1.3333333333333333
37558,37559,53396619#6,14.0,0.0
37560,37561,53396619#7,2.0,0.0
37562,37563,53396623#0,7.0,0.3333333333333335
37564,37565,53396623#1,2.4000000000000004,0.9166666666666666
37566,37567,53399445#1,3.0,0.5475113122171944
37568,37569,53399445#10,4.0,0.9666666666666668
37570,37571,53399445#11,3.0,4.750000000000001
37572,37573,53399445#13,5.600000000000001,2.7307692307692313
37574,37575,53399445#2,4.0,0.5988505747126437
37576,37577,53399445#3,4.0,1.038961038961039
37578,37579,53399445#4,4.0,1.4095238095238096
37580,37581,53399445#5,3.4000000000000004,1.75
37582,37583,53399445#6,21.6,24.5
37584,37585,53399445#7,4.0,0.9636363636363636
37586,37587,53399445#8,3.8,0.5
37588,37589,53399445#9,3.4000000000000004,2.2500000000000004
37590,37591,53534122#0,7.0,0.0
37596,37597,537262420#0,7.0,0.0
37598,37599,537262420#1,15.0,0.0
37602,37603,53795883#0,7.0,1.1868421052631581
37604,37605,53795883#1,12.0,1.6363636363636365
37606,37607,53795883#10,13.0,1.8415384615384607
37608,37609,53795883#2,12.600000000000001,1.3589743589743586
37610,37611,53795883#3,9.0,1.0181818181818183
37612,37613,53795883#4,10.0,1.3958333333333333
37614,37615,53795883#5,7.0,0.7554112554112554
37616,37617,53795883#6,13.0,1.5844155844155847
37618,37619,53795883#8,12.0,1.8142292490118577
37620,37621,53898183#0,19.0,0.6666666666666672
37622,37623,53898183#1,4.4,0.6666666666666666
37624,37625,53898183#2,5.0,0.0
37626,37627,53898183#3,4.0,0.0
37628,37629,53898183#4,5.0,0.0
37632,37633,54033673#0,5.0,3.369576072178955
37634,37635,54033673#0.34,3.0,1148.2564281300208
37636,37637,541286865#1,6.0,0.5568306010928963
37638,37639,541286865#2,23.0,3.2568306010928976
37640,37641,54154921#0,20.0,67.50254360465115
37642,37643,54154921#2,3.0,0.33274324678730643
37644,37645,54154921#3,21.0,231.59614325068873
37646,37647,54154922#1,7.0,1.3566383317025432
37648,37649,54154969#0,9.0,12.603799914126231
37650,37651,54154969#1,3.0,0.4770287677114644
37652,37653,54154969#2,5.800000000000011,0.5421854873336194
37654,37655,54154969#3,2.0,0.14512694512694507
37656,37657,54154970,5.0,0.0
37658,37659,54154971,6.0,1.7039141414141419
37662,37663,54169231#1,6.0,0.0
37664,37665,54169231#2,11.0,1.333333333333333
37666,37667,54169241#1,4.0,5261.389705882353
37668,37669,54169241#2,8.0,1.0
37670,37671,54169241#3,1.4000000000000004,0.25
37672,37673,54169241#4,36.600000000000016,634.25
37674,37675,54169280#0,6.0,1.0242368381132494
37676,37677,54169280#1,13.0,2.295327218258751
37678,37679,54169280#2,5.0,0.7511132601755972
37680,37681,54169280#3,8.0,1.8731728176666278
37682,37683,54169280#5,4.0,0.48210820124561
37684,37685,54169280#5.31,2.0,0.7799391506091891
37686,37687,54169287#1,4.800000000000001,0.23809523809523814
37690,37691,542617943,2.0,0.24334408398153423
37692,37693,542630099,4.0,1.1549758748024757
37694,37695,542635729#1,77.0,8879.104268110897
37696,37697,542642192,4.0,0.3352848101265822
37698,37699,542650138,6.0,16.99715190382049
37700,37701,542650138.26,2.0,0.49707036530410603
37702,37703,542650762,18.6,1.0
37704,37705,542650763#0,8.0,0.7682688802265901
37706,37707,542650763#1,7.0,0.759186985046232
37708,37709,542650763#1.87,6.0,32.688172133046415
37710,37711,54268333,2.0,0.0
37712,37713,542727960#0,18.0,12328.492397004984
37714,37715,542730346#1,8.0,1.5195375078359
37716,37717,542760419#0,6.0,0.0
37718,37719,542760419#1,8.2,1.3333333333333335
37720,37721,542760419#2,7.8,0.5
37722,37723,542769268,4.0,0.33333333333333337
37724,37725,542769269#0,4.0,0.4230769230769231
37726,37727,542769269#1,11.0,0.26515151515151536
37728,37729,542769272#0,30.0,3.2000000000000006
37730,37731,542769272#1,3.0,0.1666666666666667
37732,37733,542769272#2,21.6,2.5535714285714284
37734,37735,542769273#0,4.0,0.36249999999999993
37736,37737,542769273#1,36.400000000000006,16.142857142857142
37738,37739,542769274,3.8,0.5
37740,37741,542769275#0,72.0,958.4053109713491
37742,37743,542769276#0,17.0,45.34913169870475
37744,37745,542806889,9.0,19.098303911388026
37746,37747,542806891#1,7.0,1.639676113360324
37748,37749,54462051#1,13.0,0.25000000000000017
37750,37751,54606419#0,10.0,0.9705882352941179
37752,37753,54606419#1,4.0,0.5073529411764706
37754,37755,54606419#2,4.200000000000001,0.26666666666666666
37756,37757,54606419#3,33.2,8.780952380952382
37758,37759,54606432#0,3.0,0.2571428571428571
37760,37761,54606432#1,46.0,14.552380952380954
37762,37763,54606432#2,11.0,0.0
37764,37765,54606432#3,12.0,0.0
37768,37769,54638300,43.0,16.554945054945055
37770,37771,54828617#0,17.6,3.6190476190476204
37772,37773,54828618#1,2.0,0.23333333333333334
37774,37775,54828618#2,17.0,1.5000000000000004
37776,37777,54828621#0,9.2,1.3888888888888888
37778,37779,54828621#1,16.0,4.4
37780,37781,54828621#2,2.8000000000000007,0.9047619047619048
37782,37783,54828621#3,1.6000000000000005,1.9821428571428572
37784,37785,54828622#0,2.0,0.5644599303135889
37786,37787,54828622#1,1.0,0.047619047619047616
37788,37789,54828622#2,7.0,1.4183535762483133
37790,37791,54828622#3,5.0,0.5498575498575499
37792,37793,54828622#4,4.0,0.6706349206349205
37794,37795,54828622#5,5.600000000000001,0.83994708994709
37796,37797,54828622#6,1.0,0.03703703703703704
37798,37799,54828622#7,10.0,22.580645161290324
37800,37801,54828623#1,12.8,0.5
37802,37803,54828623#2,36.0,13.583333333333329
37806,37807,54828629,12.0,2.5277777777777777
37808,37809,54844250#0,32.2,8.0
37814,37815,54844252#0,29.6,2.0
37816,37817,54844252#1,19.2,8.0
37818,37819,54844253#0,33.2,12.32222222222222
37820,37821,54844253#1,20.8,4.333333333333335
37822,37823,54844254#0,36.4,33.699999999999996
37824,37825,54844254#1,20.8,9.285714285714288
37826,37827,54844257,19.4,3.6999999999999997
37828,37829,54844264#0,7.0,0.661904761904762
37830,37831,54844264#1,24.2,8.0
37834,37835,54844264#3,6.2,1.6999999999999997
37836,37837,54844264#4,7.0,11.066666666666666
37838,37839,54844264#5,8.0,5.142857142857143
37840,37841,54844264#6,5.0,10.694736842105263
37842,37843,54844264#7,6.0,4.905263157894736
37844,37845,54858973#0,31.0,1229.4966316199377
37846,37847,54858974#0,91.0,30786.1101614435
37848,37849,549032836,6.0,8.169389293792412
37850,37851,549401642#0,4.0,0.2954429083461342
37852,37853,549401642#1,2.0,0.2413793103448276
37854,37855,549401642#3,39.0,18.944444444444443
37856,37857,55600044#0,21.0,5.626362593230061
37858,37859,55600044#1,24.0,7.388919288645694
37860,37861,55600044#2,8.0,2.7339261285909697
37862,37863,55600046#0,13.0,2.896270396270397
37864,37865,55600050,26.0,4.572866127583109
37866,37867,556434727#0,6.0,73.31540614837905
37874,37875,55693689#3,3.0,0.0
37878,37879,55693694#3,19.0,0.0
37880,37881,55693698#0,12.4,4.5
37884,37885,55693704#0,22.0,0.0
37886,37887,55693704#1,17.0,0.0
37890,37891,55728606#0,14.0,0.0
37892,37893,55728606#1,3.6,1.0
37894,37895,55728606#2,28.800000000000004,481.33333333333337
37900,37901,55728625#0,11.0,0.0
37902,37903,55728625#1,22.2,4.299999999999999
37904,37905,56031014#0,12.8,0.5
37906,37907,56031014#1,3.8,0.5
37910,37911,56045714,20.8,2.9166666666666665
37912,37913,56045715,19.8,0.5
37914,37915,56045716,19.0,0.0
37916,37917,56045717,19.0,0.0
37918,37919,56045718,19.4,6.8611111111111125
37920,37921,56045721,11.8,0.5
37922,37923,56045725#1,3.0,0.14285714285714288
37924,37925,56045725#2,10.4,4.666666666666667
37926,37927,56045726#0,10.0,0.0
37928,37929,56045726#1,16.0,0.0
37930,37931,56045727,5.6,0.33333333333333326
37932,37933,56045730#0,9.0,1.7196969696969695
37934,37935,56045730#1,10.0,2.666666666666666
37984,37985,56863461,25.200000000000003,6.056666666666666
37990,37991,57827547,4.0,0.0
37992,37993,57827548#0,4.0,0.0
37994,37995,57827548#1,3.8,0.5
37996,37997,57827550,5.0,0.4
37998,37999,57827557,4.0,1.5
38000,38001,57827558,10.0,0.0
38002,38003,57827562#0,1.0,0.0
38004,38005,57827562#1,4.0,0.0
38006,38007,57827563#0,3.0,0.365686944634313
38008,38009,57827563#1,7.0,0.5092276144907726
38010,38011,57827563#3,6.0,0.5632262474367737
38012,38013,57827563#4,3.0,0.33185235816814757
38014,38015,57827566#1,31.8,0.5
38016,38017,57827567,16.8,0.5
38018,38019,57827572,13.0,0.9166666666666666
38020,38021,582810637,6.0,0.5317640692640692
38022,38023,582810638#1,7.0,0.5355881330185397
38024,38025,582810639#1,10.0,2.437636804833357
38026,38027,582810640,5.0,0.3675145408372239
38028,38029,582810642#0,2.0,0.7252960590176666
38030,38031,582810642#1,2.0,0.23089108910891076
38032,38033,582810642#2,2.0,0.17762376237623761
38034,38035,582810642#3,19.0,2.8055445544554454
38036,38037,582810642#4,6.0,0.4933333333333335
38038,38039,582810643,9.0,1.0793506493506495
38042,38043,582810646,13.0,0.0
38044,38045,58295043,1.0,0.13985342564698836
38046,38047,58622231#0,6.6000000000000005,3.267857142857143
38048,38049,58622231#10,4.2,0.19999999999999996
38050,38051,58622231#2,5.0,0.28571428571428553
38052,38053,58622231#3,3.0,0.2857142857142857
38054,38055,58622231#4,3.6000000000000005,0.4107142857142857
38056,38057,58622231#5,2.0,0.14285714285714285
38058,38059,58622231#7,5.800000000000001,1.1428571428571426
38060,38061,58622231#8,1.0,0.0
38062,38063,58622231#9,14.4,1.6999999999999997
38064,38065,58622232#0,34.0,20.67272727272727
38066,38067,58622232#1,23.4,11.000000000000004
38072,38073,58622232#4,1.0,0.0
38074,38075,58622232#5,1.8,0.5
38076,38077,586823518#0,12.8,4.333333333333333
38078,38079,586823518#1,4.0,1.0
38082,38083,589179136,26.0,8.299999999999999
38084,38085,589179144,3.0,11.24217043514563
38086,38087,591545485#1,2.0,0.31774475524475526
38090,38091,591898302#0,4.0,0.28285820066641987
38092,38093,591898302#1,11.0,1.3320158102766797
38098,38099,591898302#3,5.4,0.9166666666666666
38100,38101,591898302#5,6.0,0.0
38110,38111,591899018#0,4.0,0.3025210084033615
38112,38113,591899018#1,2.0,0.20504201680672274
38114,38115,591899019,11.6,2.333333333333334
38116,38117,591899020#0,1.0,0.19105691056910568
38118,38119,591899020#1,2.0,0.19024390243902448
38120,38121,591899020#2,1.0,0.07467994310099575
38122,38123,591899020#3,2.0,0.27596017069701284
38124,38125,594229006,2.0,0.2557690013124925
38128,38129,595914502,2.8,0.5
38130,38131,595914503#0,9.0,2.666666666666667
38132,38133,595914503#1,16.0,0.0
38136,38137,596846686#0,7.0,0.9762845849802372
38138,38139,596846686#1,8.0,1.3333333333333335
38140,38141,596846686#2,11.0,2.251633986928105
38142,38143,596846686#3,3.6000000000000014,0.4102564102564103
38144,38145,596846686#4,18.600000000000005,100.4469696969697
38146,38147,596846691,11.0,1.2111111111111128
38148,38149,596846692,5.0,1.0789915966386552
38150,38151,60064938#0,7.0,0.16250000000000006
38152,38153,60064938#1,4.0,0.3636363636363638
38154,38155,60064938#2,5.0,0.47272727272727266
38156,38157,60064938#3,8.0,0.890909090909091
38158,38159,60064938#4,2.0,0.4999999999999999
38162,38163,60100821#0,9.0,0.9559651817716337
38164,38165,60100821#1,6.0,0.4593253968253966
38166,38167,60100821#3,7.0,2.5553075396825395
38168,38169,60100821#4,22.6,108.86281826163301
38170,38171,60135599#1,31.200000000000006,106.57971014492756
38172,38173,602098904#1,3.0,0.0
38176,38177,602098904#3,2.8,0.5
38178,38179,602098904#4,3.4000000000000004,0.25000000000000006
38180,38181,602098904#5,4.0,0.33333333333333337
38182,38183,602098904#6,4.0,0.0
38194,38195,60931370,4.0,0.5384789657760217
38196,38197,60995199#1,159.2,481.33333333333314
38198,38199,60995199#2,131.4,226.70000000000002
38200,38201,60995199#3,67.8,48.83720930232557
38202,38203,611319803,56.0,0.0
38204,38205,611319803.274,35.0,0.0
38206,38207,611319805,27.6,7.952380952380955
38208,38209,611319807#0,2.0,0.23459915611814341
38210,38211,611319807#2,15.0,3.850761857950359
38212,38213,611319807#3,1.0,0.21846071925944138
38214,38215,611319808#0,3.0,0.3108932461873638
38216,38217,611319808#1,3.0,0.311111111111111
38218,38219,611319808#2,9.0,1.0193477059148701
38220,38221,611319809#0,2.0,0.06650246305418732
38222,38223,611319809#1,1.0,0.11846153846153847
38224,38225,611319809#2,3.0,0.4329004329004326
38226,38227,611319809#3,3.0,0.4927536231884058
38228,38229,611319809#4,4.800000000000001,0.9264069264069266
38230,38231,611319809#6,13.4,3.3
38232,38233,611319809#7,2.0,0.3
38234,38235,611319810,32.0,10.816500711237552
38236,38237,611319811#1,22.0,0.33333333333333304
38240,38241,611319827,14.0,14.077251780477587
38244,38245,611569243,11.0,0.0
38246,38247,611569255,5.0,0.6190476190476192
38248,38249,611569261,4.0,0.0
38256,38257,611624472,3.0,0.0
38258,38259,611624476#1,3.0,0.0
38260,38261,611624476#3,2.0,0.0
38262,38263,612075145#0,2.6,0.33333333333333337
38264,38265,612075145#1,1.0,0.0
38266,38267,612075145#2,11.0,2.2499999999999996
38268,38269,612075145#3,2.0,0.19444444444444445
38270,38271,612075153#0,116.80000000000007,12545.941934482236
38272,38273,612075155#0,2.0,0.28160919540229895
38274,38275,612075155#1,7.0,0.4899999999999998
38276,38277,612075155#2,10.0,0.8246753246753251
38278,38279,612075155#3,25.2,5.700000000000002
38280,38281,612075155#4,3.0,1.0
38282,38283,612075156,3.4000000000000004,0.8771929824561404
38284,38285,612075157,4.2,1.2888888888888888
38286,38287,612075158#1,3.0,0.2364657814096018
38288,38289,612075159#0,4.0,0.3833333333333334
38290,38291,612075159#1,44.0,18.96969696969697
38292,38293,612084388,8.0,1.333333333333333
38300,38301,612084401#1,15.0,4.829166666666666
38302,38303,612087342,5.0,0.0
38304,38305,61318930#1,1.0,0.1625
38306,38307,61318930#2,2.0,0.2571428571428571
38308,38309,61318930#3,5.0,0.23529411764705874
38310,38311,61326419,3.6,2.3333333333333335
38316,38317,61326427#0,20.0,0.0
38318,38319,61326427#1,24.2,8.933333333333334
38324,38325,614738715,3.0,0.0
38326,38327,614738716,5.0,0.3333333333333335
38330,38331,614738718#0,6.800000000000001,4.250000000000001
38332,38333,614738718#1,5.4,4.5
38338,38339,614738718#4,3.8,0.5
38342,38343,614738719#0,3.0,0.23076923076923075
38344,38345,614738719#1,7.0,0.6380952380952379
38346,38347,614738719#2,3.0,0.5131578947368421
38348,38349,614738719#3,3.6000000000000014,1.1241830065359477
38350,38351,614738719#4,4.0,0.5964912280701754
38352,38353,614738719#5,4.0,0.22058823529411759
38354,38355,614738719#6,11.0,3.186842105263158
38358,38359,614738721,4.600000000000001,0.576923076923077
38360,38361,614738722,8.0,0.0
38364,38365,61671904,6.0,3.3941176470588266
38366,38367,61687506,4.8,0.5
38374,38375,61909838#1,9.0,0.9547101449275361
38376,38377,61909838#2,2.0,0.2608695652173913
38378,38379,61909838#3,2.400000000000002,0.3894927536231884
38380,38381,61909838#4,9.0,0.69047619047619
38382,38383,61909838#5,7.0,0.7348484848484849
38384,38385,61940065,20.8,0.5
38386,38387,61940355,14.0,32.30053567471326
38388,38389,61940356,4.0,0.33999488014182755
38392,38393,62011796#0,7.0,1.9999999999999998
38394,38395,62011797#4,10.2,8.0
38396,38397,62011798#0,5.6,2.333333333333333
38398,38399,62011798#1,18.0,3.9285714285714293
38400,38401,62011799#0,7.0,8.0
38402,38403,62011799#1,1.8000000000000007,1.0
38408,38409,620167544,19.0,4.627450980392154
38410,38411,623402295,9.8,0.5
38414,38415,623402296#1,13.0,0.0
38416,38417,623402296#2,14.8,6.333333333333332
38420,38421,623402297#1,11.8,0.5
38422,38423,623402297#2,14.0,0.9666666666666668
38424,38425,624350642,11.0,0.8720636769559299
38426,38427,627181816,3.200000000000001,4.4107142857142865
38428,38429,627181817,2.0,0.0
38430,38431,627181818#0,29.600000000000023,208.9370355944393
38432,38433,627181818#0.45,4.0,131.68656180420876
38434,38435,631766893,33.6,9.583333333333337
38440,38441,631839138#0,5.8,0.5
38442,38443,631839138#1,10.0,0.0
38448,38449,636801029,20.0,0.0
38450,38451,63709069#0,5.0,0.0
38452,38453,63709069#1,3.8000000000000003,3.0
38454,38455,63709074,9.0,1.0000000000000002
38456,38457,63709075#0,4.0,0.9636363636363644
38458,38459,63709075#1,4.600000000000001,3.6190476190476186
38460,38461,63709077,7.0,0.0
38462,38463,63709080#1,2.0,0.30000000000000004
38468,38469,63709082#1,4.0,0.3333333333333333
38472,38473,638602238,11.0,1.1710204081632651
38474,38475,638758710#1,7.6,2.333333333333333
38476,38477,640370488,7.0,0.7000000000000001
38480,38481,640370491,10.0,0.9166666666666665
38482,38483,640370546,13.0,0.0
38484,38485,640370561,11.0,0.0
38486,38487,64080426#0,4.0,1.3333333333333335
38488,38489,64080426#1,2.0,0.3222222222222222
38490,38491,64089736,8.0,18.397446930579466
38492,38493,64092194,20.4,7.508771929824563
38494,38495,64203752,4.0,0.0
38496,38497,64203754,4.4,0.9166666666666666
38498,38499,64203758,3.0,0.0
38518,38519,64442509#0,7.0,0.5990852770613299
38520,38521,64442509#1,2.0,0.23468523212611556
38522,38523,64442509#2,19.0,4.444373816859059
38524,38525,64442509#3,42.0,10357.090464127827
38526,38527,644489725#1,6.0,3.0
38528,38529,644489725#2,2.6,0.33333333333333326
38534,38535,64464377#1,17.0,2.533596837944663
38536,38537,64464377#2,6.0,0.4545454545454545
38538,38539,64464377#3,2.6000000000000014,0.6830065359477128
38540,38541,64464405,58.0,521.1238990017616
38542,38543,64464420,11.0,3.8638975959347737
38544,38545,64464430,28.0,342.9486573410316
38546,38547,64491209,6.0,0.0
38548,38549,65047492#0,6.0,1.1025641025641029
38550,38551,65047492#1,22.0,4.566666666666666
38552,38553,65047492#2,24.0,3.4666666666666677
38554,38555,65047492#3,1.4000000000000004,0.36111111111111105
38556,38557,65047492#4,12.0,1.3166666666666664
38558,38559,65047492#5,15.0,2.9239766081871346
38560,38561,653473568#0,2.0,0.22626742915890255
38562,38563,653473568#1,7.0,0.6633988582712058
38564,38565,653473569#0,2.0,0.2458659210841174
38566,38567,653473569#2,16.0,2.0658968938038718
38568,38569,653473569#3,7.0,198.76058437686333
38570,38571,653473569#4,4.0,220.45914771608042
38572,38573,653473569#5,5.0,413.61467258601544
38574,38575,653473569#6,3.0,164.7703992761
38576,38577,653473569#7,75.20000000000005,1664.8670246618933
38578,38579,659389376#1,10.0,1.9999999999999998
38580,38581,659389384,27.0,12.48936170212766
38582,38583,666132823#0,2.0,0.0
38584,38585,666132823#1,17.6,6.3
38586,38587,666132823#2,3.6,1.0
38592,38593,666132825#0,23.0,0.0
38594,38595,666132825#1,4.0,0.0
38600,38601,672008256,29.8,18.0
38602,38603,672008260#1,14.0,0.0
38606,38607,67237928#0,18.0,3.0042517006802707
38608,38609,67237928#1,7.0,0.8454545454545452
38610,38611,67237928#2,25.0,74.73253968253965
38612,38613,67237947#1,7.0,0.29999999999999993
38614,38615,67237950,9.0,0.0
38616,38617,67237955#0,10.0,1.1602326811211001
38618,38619,67237955#1,2.0,0.3034330011074197
38620,38621,67237955#2,18.0,0.8000000000000009
38622,38623,67237957,26.0,4.5
38624,38625,67237958#1,13.0,1.3483870967741947
38626,38627,67237958#2,2.0,0.24992631889183617
38628,38629,67237958#3,2.0,0.29413498379015623
38630,38631,67237958#4,3.0,0.5133161512027492
38632,38633,67237958#5,2.0,0.14701216287678476
38636,38637,67237970#0,6.0,0.33307107264621044
38638,38639,67237970#1,3.0,0.12955677943876207
38640,38641,67237970#3,5.0,0.35759029721444774
38650,38651,67237972#4,2.0,0.0
38656,38657,67237972#7,2.0,0.0
38658,38659,67237976#0,2.0,0.26785714285714285
38660,38661,67237976#1,9.0,0.33333333333333304
38662,38663,67237976#2,1.0,0.0
38664,38665,67237979#0,3.0,0.0
38666,38667,67237979#1,11.6,2.0
38668,38669,67237979#2,6.0,0.0
38670,38671,67237985#0,8.0,0.8857142857142859
38672,38673,67237985#1,34.6,21.0
38674,38675,67237985#2,5.0,0.0
38676,38677,67237994,22.0,0.0
38678,38679,67238002,24.0,0.0
38680,38681,67238004,30.200000000000003,4.250000000000001
38682,38683,67238006#0,2.0,0.0
38688,38689,67238006#3,3.0,0.33333333333333337
38690,38691,67238006#4,3.0,0.30000000000000004
38692,38693,67238006#5,4.0,0.0
38694,38695,67238006#6,3.0,0.0
38696,38697,67238006#7,21.0,0.0
38700,38701,67238013,38.0,195.23225806451617
38702,38703,67238016#0,5.6,0.33333333333333326
38704,38705,67238016#1,4.0,0.47272727272727283
38706,38707,67238016#2,5.0,0.45458937198067656
38708,38709,67238018#0,29.2,2.333333333333333
38714,38715,67238029#1,3.0,12.766666666666671
38716,38717,67238030,2.0,0.0
38718,38719,67238031#1,9.4,6.3
38720,38721,675026434#1,5.6,2.0
38724,38725,675026435#0,9.0,0.0
38728,38729,675026436#0,5.6,1.0
38730,38731,675757784#0,12.0,0.9166666666666666
38732,38733,675757784#1,11.4,1.6666666666666667
38734,38735,675757784#2,8.8,1.0000000000000002
38736,38737,675757784#3,5.0,4.146441372247823
38738,38739,675757784#4,4.0,1.1384615384615382
38744,38745,675757785#2,10.0,0.3333333333333335
38746,38747,675757785#3,29.8,7.000000000000001
38748,38749,675757785#4,8.200000000000003,6.904761904761904
38750,38751,676400899,10.0,0.0
38752,38753,677165951,12.4,2.2499999999999996
38754,38755,677165952,4.2,0.7
38758,38759,677165953#1,34.2,17.333333333333336
38760,38761,677541740#0,8.0,3.477272727272727
38762,38763,677541740#1,17.200000000000003,4.249999999999999
38764,38765,678309990#0,1.0,0.0
38766,38767,679514632,7.4,9.666666666666666
38778,38779,682620738#1,3.0,0.0
38782,38783,682944656,2.2,1.3333333333333335
38784,38785,69556532#0,4.0,0.2380952380952381
38786,38787,69556532#1,3.0,0.9047619047619048
38788,38789,69556532#2,4.0,0.33333333333333337
38790,38791,69556532#3,3.6,0.33333333333333337
38794,38795,700272065,4.0,0.29833603896103905
38796,38797,700272066,6.0,0.8888888888888886
38798,38799,700272066.5,7.0,0.681341751124835
38800,38801,700272067#0,23.0,102.74508794508802
38802,38803,700272068,3.0,0.22943184290687527
38804,38805,700272069,7.0,1.138832997987928
38806,38807,700272074#0,14.0,4.509471103847874
38810,38811,700272076#0,53.0,450.2905050505051
38812,38813,700272077,13.0,21.57645631067962
38814,38815,700668007#0,23.0,8.7
38816,38817,700668007#1,24.0,7.247619047619049
38818,38819,700668008,7.0,0.0
38824,38825,701585562,3.8000000000000007,1.0
38828,38829,708784615#0,3.8,0.5
38832,38833,708784615#2,1.0,0.0
38834,38835,708784616#1,11.0,1.277953830633196
38836,38837,708784621,7.0,0.0
38838,38839,708784622,8.0,0.0
38842,38843,708784624#1,1.4000000000000004,0.25
38844,38845,708784625#1,3.0,0.7
38846,38847,710645377#0,2.0,0.2
38848,38849,710645378,5.8,0.5
38852,38853,710645392,2.0,0.1885216561269538
38854,38855,714371902,11.0,1.2967032967032965
38856,38857,716773937,39.0,0.0
38858,38859,71809618#0,5.0,0.4015215553677092
38860,38861,71809618#1,3.0,0.2541561003099465
38862,38863,71809618#3,6.0,0.5963311688311688
38864,38865,71809618#4,6.0,3.3810724794331364
38866,38867,71809618#5,25.0,196.745384403417
38868,38869,718469828#1,4.6,0.3333333333333335
38870,38871,718469828#10,8.0,0.0
38872,38873,718469828#2,4.0,3.0
38874,38875,718469828#3,3.6,0.33333333333333326
38876,38877,718469828#4,3.0,0.0
38878,38879,718469828#6,3.8,0.5
38880,38881,718469828#7,4.8,0.5
38882,38883,718469828#8,5.8,0.5
38884,38885,718469828#9,6.6,2.0
38886,38887,718469829#0,1.0,0.0
38888,38889,718469829#1,16.0,12.250000000000002
38890,38891,718469830,34.2,25.300000000000004
38892,38893,718481091#0,33.800000000000004,263.6516690856314
38894,38895,718481092,3.0,0.6409750249750246
38896,38897,718481093#0,4.0,5.2603828169138245
38898,38899,718481093#1,30.0,66.35494445264247
38900,38901,718481094#0,7.0,1.2158050267320062
38902,38903,718481095,68.00000000000001,639.9630252100842
38904,38905,718481096#0,5.0,0.4581444039146336
38906,38907,718481096#1,3.0,0.26409271053217137
38908,38909,718481096#2,8.0,0.7486192813788243
38910,38911,718481096#3,8.0,0.7486648456928535
38912,38913,718481097#1,11.0,3.1566951566951555
38916,38917,718481097#3,2.8,0.5
38918,38919,718481098,1.0,0.16816688457541332
38922,38923,718481100,3.0,0.863417798299477
38924,38925,718481103#0,2.0,0.08876331232340798
38926,38927,718481103#1,1.0,0.17116222043715387
38928,38929,718481103#2,5.0,0.49236704326260655
38930,38931,718481103#3,13.0,26.17883660060894
38932,38933,718481107,5.0,0.7483811285846439
38934,38935,718797712#0,109.8,164.29999999999995
38936,38937,718797712#2,41.0,18.249999999999996
38938,38939,718797712#3,92.4,392.0
38940,38941,718800194#0,9.0,0.9166666666666665
38942,38943,718800194#1,81.60000000000001,64.39999999999999
38944,38945,718801802,32.0,0.0
38948,38949,718828178#1,105.0,1724.253621262458
38950,38951,718828179#0,6.0,0.6461128310973511
38952,38953,718828183#0,8.0,0.8095238095238098
38954,38955,718828183#1,4.4,0.25
38956,38957,718828183#2,3.0,0.30000000000000004
38958,38959,718828183#4,18.8,7.583333333333333
38960,38961,718828183#5,24.4,12.333333333333336
38962,38963,718828184#0,9.0,2.4183006535947715
38964,38965,718828184#1,15.8,33.116959064327474
38966,38967,718828185#0,10.2,1.3444444444444443
38968,38969,718828185#1,8.0,1.1250000000000002
38970,38971,718828185#2,23.0,13.904761904761903
38972,38973,718828185#3,5.0,0.33333333333333326
38974,38975,718828186#0,14.400000000000002,4.519927536231885
38976,38977,718828186#1,2.200000000000001,0.2394736842105263
38978,38979,718844696,2.0,0.2666666666666667
38980,38981,718844697#0,5.0,0.14285714285714282
38982,38983,718844697#1,4.0,0.2857142857142858
38984,38985,718844698#0,7.0,0.0
38986,38987,718844698#1,1.0,0.2777777777777778
38988,38989,718844698#2,7.6000000000000005,0.6964285714285714
38990,38991,718844698#3,6.0,0.743589743589744
38992,38993,718844698#4,1.0,0.07692307692307691
38994,38995,718844698#6,4.600000000000001,1.2418300653594774
38996,38997,718844698#7,20.4,105.87134502923976
38998,38999,718850685#2,38.0,16.58154563271361
39000,39001,718850685#3,8.800000000000011,0.9946799232513521
39002,39003,718850686#1,8.0,1.0096441804984508
39004,39005,718850686#1.194,62.0,716.3419900497515
39006,39007,718850686#1.58,8.0,0.8796019900497509
39008,39009,718850688,10.0,1.596798980646266
39010,39011,718850689,6.0,0.5758031853757313
39016,39017,718926969#0,5.0,0.30000000000000016
39018,39019,718926969#1,9.0,1.1999999999999997
39020,39021,71900674#0,7.600000000000001,5.397435897435897
39022,39023,71900674#1,6.0,0.2777777777777774
39024,39025,71900674#2,5.0,1.125
39026,39027,71900674#3,12.2,1.3444444444444446
39028,39029,71900678,10.8,0.5
39030,39031,719015092,5.0,8.43939393939394
39032,39033,719015093,3.0,0.7381443298969068
39034,39035,719015094#0,3.0,0.2317864271457086
39036,39037,719015094#1,3.0,0.20092345429622677
39038,39039,719015097,11.8,6.8095238095238075
39040,39041,719015099,7.0,0.9548897970383868
39042,39043,719015101,3.0,0.5451150157032508
39044,39045,719015101.12,1.0,25.038823124387605
39058,39059,72475188#0,1.0,0.0
39068,39069,72475188#4,12.8,0.5
39092,39093,72475204#0,28.8,0.5
39094,39095,72475204#1,13.8,0.5
39102,39103,72562655#0,71.8,61.69642857142857
39104,39105,72562655#1,9.0,3.2
39108,39109,72562658,22.0,4.16720846878386
39110,39111,72562662#1,6.0,6.7
39112,39113,72562662#2,3.0,0.30000000000000004
39114,39115,72562674#0,68.0,50.0
39116,39117,72562674#1,50.0,0.0
39122,39123,72562699,2.0,0.20952380952380953
39124,39125,72562708,7.600000000000001,0.41025641025641035
39126,39127,72562710,6.0,0.4952380952380952
39128,39129,726080889#0,4.0,0.0
39130,39131,726080889#1,2.0,0.0
39132,39133,726080889#2,2.0,0.0
39134,39135,726080889#3,2.0,0.0
39136,39137,726080889#4,5.6,4.333333333333333
39138,39139,726080889#5,5.4,1.7000000000000002
39146,39147,726080899,6.0,0.0
39148,39149,726514442#0,7.0,1.2889209639121384
39150,39151,726514442#1,4.0,0.24193682374197834
39152,39153,726514443#0,6.0,1.3547677645703518
39154,39155,726514443#1,4.0,0.3635606454971372
39156,39157,726514443#2.43,28.0,109.034407234704
39158,39159,726514445,3.0,0.47459872937637076
39160,39161,726514446,2.0,0.3964306101863991
39162,39163,726514447,5.0,9.766666666666666
39164,39165,726514448#0,9.0,0.9166666666666666
39166,39167,726514448#1,3.0,0.25000000000000006
39168,39169,726514448#2,10.0,0.0
39170,39171,726514449,5.0,0.47008805411738114
39172,39173,726514450,14.0,3.170437637168472
39174,39175,726514451#0,7.800000000000004,26.64939870490288
39176,39177,726514451#2,3.0,0.6451612903225805
39178,39179,726514451#3,3.0,0.22727272727272718
39180,39181,726514451#4,3.0,0.21428571428571427
39182,39183,726514452#0,16.0,2.6447919699251945
39184,39185,726514452#1,5.0,0.4688516688757679
39186,39187,726514453#1,8.0,1.1335967612906348
39188,39189,726514453#2,11.0,3.142998585572845
39190,39191,726514453#3,6.0,4.419911556373023
39192,39193,726514454,3.0,0.4888888888888888
39194,39195,726515357,5.0,0.5418368883999692
39198,39199,726515361,2.0,0.295952023988006
39200,39201,726515362,4.0,1.7636363636363637
39204,39205,727164240,5.0,0.786934255131626
39206,39207,727164241#0,44.0,291.7970674486804
39208,39209,727164244,11.0,1.1284420388898015
39210,39211,72883541#0,9.0,1.9938461538461536
39212,39213,72883541#1,6.0,0.3765687455272204
39216,39217,72883541#3,21.0,0.0
39218,39219,72883544#1,11.0,1.7000000000000002
39220,39221,72883546,2.0,0.0
39222,39223,72883554,5.4,1.6666666666666672
39224,39225,72883558#0,10.0,0.41071428571428586
39226,39227,72883558#1,3.0,0.39047619047619053
39228,39229,72883559,47.0,0.0
39230,39231,737320746,2.0,0.32288232732959526
39232,39233,737320746.8,3.0,0.2589649061660885
39234,39235,737320747#1,5.0,0.4207774739704772
39236,39237,737320747#2,4.0,0.3836510600858687
39238,39239,737320747#3,5.0,1.0006004736614889
39240,39241,737320747#4,12.0,17.963538622359362
39242,39243,737320747#4.146,24.0,135.9089047163098
39244,39245,737320748#2,7.0,2.31053982435938
39246,39247,746482758#0,30.0,14910.966666666669
39248,39249,746482758#1,513.6,12835.8
39250,39251,746483005#0,71.0,755.0505960264899
39252,39253,746483006#1,8.0,3.6231771741517145
39254,39255,746483006#2,4.0,0.6122716474154174
39256,39257,746483006#3,5.0,0.488282276817309
39258,39259,746483006#4,3.0,0.22737842483065412
39260,39261,746483006#5,6.0,43.589046839436186
39262,39263,746483006#6,31.0,140.7277882042885
39264,39265,746700169,5.0,0.2671740024681201
39270,39271,746700171,2.0,0.4770419720186541
39272,39273,746700172#0,13.200000000000001,4.666666666666666
39274,39275,746700172#1,2.2,0.2
39276,39277,746700173#0,40.6,209.0671936758893
39278,39279,746700174,2.0,0.0
39280,39281,746700175,4.0,2.3
39282,39283,746700176,25.200000000000003,11.583333333333336
39284,39285,746700179,3.0,0.29081731702582003
39286,39287,746700180#0,21.0,136.4743532889874
39288,39289,746700181#0,47.80000000000001,744.9852440088988
39290,39291,746700182,6.0,0.4977852983626139
39292,39293,746700183#1,4.0,1.2189276006918695
39294,39295,746700186#0,4.0,0.2651515151515152
39296,39297,746700186#2,6.0,1.1923076923076923
39298,39299,747007933#0,23.8,125.30000000000001
39300,39301,747007936,8.0,16.333333333333336
39302,39303,747007937,60.0,0.0
39304,39305,747007938#0,38.2,8.0
39306,39307,747007938#1,31.0,0.0
39312,39313,747324456#0,7.0,0.3333333333333335
39316,39317,747324457,3.0,0.32009446114212087
39320,39321,749560258,28.4,1.6666666666666667
39322,39323,749560259#1,5.0,1.0
39324,39325,749560260,6.0,0.7857142857142857
39326,39327,749560261,6.0,0.44158686730506164
39328,39329,749560262,2.0,1.5175224853979292
39330,39331,749560262.18,38.0,262.36606148584156
39332,39333,749560268,2.0,0.23638850889192878
39334,39335,749560269#1,8.799999999999997,0.8902439024390244
39336,39337,749560271,6.0,0.0
39338,39339,749560273,6.0,0.5551991446137396
39340,39341,749560274#1,10.0,2.491251913840477
39342,39343,75123311,82.0,0.0
39344,39345,75123338,26.2,10.499999999999998
39348,39349,75123444,117.60000000000001,256.9523809523809
39350,39351,75123449,68.0,0.0
39352,39353,752837945#0,6.0,1.054945054945055
39354,39355,752837945#1,3.0,1.2000000000000002
39356,39357,752837946,14.0,1.8392857142857142
39358,39359,753083360#0,11.0,6.244444444444442
39360,39361,753083360#1,7.0,12.1871921182266
39362,39363,753083360#2,1.0,0.2339901477832512
39364,39365,753083360#3,28.400000000000002,157.04187192118226
39366,39367,753083361,11.0,2.4218316373728026
39368,39369,753083363,5.0,1.072690996262713
39372,39373,75405816,8.0,0.0
39374,39375,754318764,2.0,0.0
39380,39381,754318766,8.0,0.0
39386,39387,76236410#0,5.8,0.5
39388,39389,76236410#1,21.4,4.5
39390,39391,763360618,12.0,2.1428571428571423
39392,39393,764189466,5.4,0.6111111111111114
39394,39395,764189467#2,6.8,0.5
39398,39399,764189467#7,5.0,0.0
39400,39401,765244913#1,83.0,46949.890950091976
39402,39403,765244913#1.57,233.0,66549.67748651907
39404,39405,765244914#0,7.0,13.502380952380957
39406,39407,765244915,18.0,255.68979750778794
39408,39409,765541113,3.0,0.16666666666666669
39418,39419,77033040,8.0,0.0
39424,39425,770768081,12.0,3.746155017511801
39426,39427,770847746,16.4,1.9999999999999998
39428,39429,771682702,13.4,4.361111111111111
39430,39431,771682710#1,3.0,0.27777777777777773
39432,39433,77169979,11.0,0.0
39434,39435,771705191#0,3.6000000000000005,0.8571428571428571
39436,39437,771705191#1,18.0,0.0
39440,39441,771705192,17.4,5.0
39442,39443,771710367,1.6000000000000014,0.1923076923076923
39444,39445,772879616,11.4,1.2000000000000004
39446,39447,772879617#0,9.6,2.0
39448,39449,772879617#1,5.4,2.8
39450,39451,772913612#3,12.0,3.866666666666667
39452,39453,772913613,1.0,0.27895729339988906
39454,39455,772913614,2.0,0.7462884296925619
39458,39459,77414793#0,21.0,13.272385509227611
39460,39461,77414793#1,2.0,4.188070175438596
39462,39463,77414799,4.0,0.9203968794970836
39464,39465,77414800#0,2.0,0.20426422996383023
39466,39467,77414800#1,10.0,0.7612792689891488
39468,39469,77414800#2,23.0,95.34718073188944
39470,39471,77414803#0,2.0,0.014285714285714282
39472,39473,77414807#0,3.0,0.3542200328407226
39474,39475,77414810#0,16.8,1.9047619047619053
39476,39477,77414810#1,2.0,171.9047619047619
39482,39483,774543489,8.0,0.0
39484,39485,774543490#0,13.200000000000001,3.5833333333333335
39488,39489,774543491,12.0,0.0
39490,39491,774631638#0,17.0,0.9999999999999994
39492,39493,774631638#1,13.4,0.6666666666666666
39494,39495,774631639,23.8,21.0
39496,39497,775009293,18.0,0.0
39498,39499,775009294,14.2,8.0
39500,39501,77526509#0,8.6,2.0
39502,39503,77526509#1,15.4,0.666666666666667
39504,39505,77526509#2,15.0,2.285714285714286
39510,39511,775849466,3.0,0.0
39516,39517,775904955,26.6,104.33333333333333
39518,39519,775906581#0,19.0,0.0
39520,39521,775906581#1,19.6,8.0
39522,39523,775906582#0,1.8,0.5
39524,39525,775906582#1,13.400000000000002,12.0
39526,39527,775906582#2,2.0,0.25
39532,39533,776461317,12.0,4.0
39534,39535,77670311#1,4.0,0.6666666666666666
39536,39537,77670320,31.0,0.0
39540,39541,776923595#1,23.4,7.0
39542,39543,776943061#1,51.0,0.0
39544,39545,777420322,2.0,0.25
39546,39547,778163219#0,5.0,1.0
39548,39549,778163219#1,3.0,0.2857142857142857
39550,39551,778163219#2,12.0,3.0545454545454542
39552,39553,778163219#3,7.4,0.7499999999999999
39554,39555,778486948,5.0,2.2666666666666666
39558,39559,778486949#1,4.8,0.5
39560,39561,778486950,11.0,1.2564102564102564
39562,39563,778859032#0,5.0,0.0
39564,39565,778859032#1,26.0,0.0
39568,39569,77912230#1,11.0,6.628787878787881
39570,39571,77912233,27.0,8.361111111111112
39572,39573,77912241#0,11.4,4.5
39574,39575,77912241#1,10.0,0.2999999999999998
39576,39577,77912253,16.0,2.9666666666666677
39578,39579,77912268,19.0,50.0
39582,39583,779463170,11.0,0.0
39606,39607,779963083#1,4.0,1.3333333333333333
39608,39609,779963083#2,5.0,0.0
39610,39611,779963086,4.8,0.5
39614,39615,779963104#0,4.4,4.25
39616,39617,779963104#1,3.0,0.0
39618,39619,779963104#2,18.6,2.0
39620,39621,779963108#0,1.2000000000000002,0.2
39622,39623,779963108#1,1.0,0.16666666666666669
39624,39625,779963108#2,26.0,12.5
39626,39627,779963108#3,1.0,0.0
39628,39629,779963109,14.2,0.8
39630,39631,779963111#0,2.0,0.28571428571428575
39632,39633,779963111#1,8.6,1.0
39634,39635,779963112,3.0,0.0
39642,39643,780085523,5.6,1.0
39646,39647,780108803#1,3.8,0.5
39648,39649,780108803#2,1.0,0.0
39650,39651,780108804,1.8,0.5
39652,39653,780108805,7.0,0.8392857142857144
39658,39659,780144784#2,1.8,0.5
39660,39661,780151719,11.0,0.0
39662,39663,780151720,5.6,2.0
39664,39665,780151721#0,3.6,0.33333333333333337
39668,39669,780151723,5.0,0.16666666666666666
39670,39671,780206711,3.0,0.0
39672,39673,780208933#1,23.200000000000003,4.666666666666668
39676,39677,780400470,16.0,10.333333333333332
39678,39679,780400471,11.0,0.0
39686,39687,780488951,9.0,0.0
39688,39689,780592074,2.0,0.0
39690,39691,780592075#0,2.0,0.0
39692,39693,780592075#1,4.0,0.0
39694,39695,780592076#0,2.8,0.5
39696,39697,780592076#1,1.0,0.0
39698,39699,780592077,1.8,0.5
39700,39701,780592078,1.0,0.0
39702,39703,780592079#0,2.0,0.0
39704,39705,780592079#1,1.0,0.0
39706,39707,780733873,11.6,2.0
39708,39709,780863324,10.0,5.666666666666667
39712,39713,780869567#1,1.0,0.0
39714,39715,780869568,10.0,0.0
39716,39717,780913598#0,2.0,0.0
39718,39719,780913598#1,10.6,0.3333333333333335
39730,39731,780951181#0,2.0,0.3
39732,39733,780951181#1,8.6,0.3333333333333335
39734,39735,780951181#2,15.0,0.0
39736,39737,781302071#0,3.0,0.0
39738,39739,781302071#1,8.6,1.0
39744,39745,781741850#1,5.0,0.0
39748,39749,782708741,16.6,0.33333333333333304
39750,39751,782710385#1,2.0,0.23333333333333334
39754,39755,782710385#3,2.0,0.2666666666666667
39756,39757,782710385#4,8.0,1.6
39758,39759,782710385#5,13.0,0.6111111111111109
39768,39769,784165402,4.0,0.0
39770,39771,784252394,17.0,0.0
39772,39773,785034008,101.4,116.91666666666667
39774,39775,785039017#0,11.0,1.6460557768924302
39778,39779,785858199#0,5.0,0.33333333333333326
39780,39781,785858199#1,4.0,0.0
39782,39783,785858200,4.2,1.3333333333333333
39790,39791,786179513,17.0,0.0
39792,39793,786471387,12.6,1.0
39796,39797,786572368,8.0,0.0
39800,39801,787084670#0,5.0,0.0
39802,39803,787084670#1,4.0,0.0
39806,39807,787112572,7.6,2.0
39812,39813,787965027,14.6,1.0
39820,39821,788776521#0,52.0,37.69090909090908
39822,39823,788776521#1,30.0,11.963636363636368
39824,39825,788776521#2,3.0,0.9219512195121954
39828,39829,789844314,9.4,1.5833333333333328
39830,39831,790001123,9.8,0.5
39832,39833,790651031,22.2,6.333333333333333
39834,39835,791207676,12.0,0.0
39836,39837,791259521,15.400000000000002,28.696428571428573
39838,39839,791264657#0,6.0,1.2087912087912085
39840,39841,791264657#1,7.2,3.2
39842,39843,791264658,7.800000000000001,1.1428571428571428
39844,39845,791362821,15.0,12.5
39848,39849,791808809,12.200000000000001,40.5
39850,39851,791808810#0,3.0,1.0
39852,39853,791808810#1,4.0,0.0
39854,39855,791808810#2,4.6,0.33333333333333326
39858,39859,791808812,3.0,0.0
39862,39863,79203276,42.400000000000006,27.90476190476191
39864,39865,792046573,23.4,4.5
39866,39867,792511578#0,4.0,0.33333333333333337
39870,39871,792797765,12.8,2.666666666666666
39878,39879,794349352,10.0,0.0
39880,39881,794349353,1.0,1.2921052631578949
39884,39885,794349354#1,10.0,1.8999999999999992
39886,39887,794349354#2,3.0,12944.0
39890,39891,794669422,9.8,0.5
39894,39895,795489028,11.0,0.0
39896,39897,795585638,22.2,1.333333333333334
39898,39899,796248412,11.0,0.0
39900,39901,797226140#0,2.0,0.28571428571428575
39902,39903,797226140#1,23.0,0.0
39904,39905,797226140#2,23.0,0.0
39906,39907,797327371#0,3.8,0.5
39908,39909,797327371#1,13.6,2.0
39912,39913,797840524,7.6,2.0
39914,39915,798269066#0,7.0,0.0
39916,39917,798269066#1,3.2,1.3333333333333333
39918,39919,798269067#0,8.0,0.0
39920,39921,798269067#1,7.0,0.33333333333333326
39928,39929,799538919,7.0,0.0
39932,39933,800890645,23.0,0.0
39942,39943,802847229,3.0,0.0
39946,39947,8033459#1,7.0,1.6097560975609757
39950,39951,8033459#3,1.0,0.0
39952,39953,8033459#6,31.4,32.0
39954,39955,8033459#7,3.4000000000000004,0.25
39956,39957,8033460#1,13.000000000000005,45.114285714285714
39958,39959,8033460#2,9.2,1.333333333333333
39960,39961,8033475#0,2.0,0.1700297755382499
39962,39963,8033475#1,2.0,0.12935180943655517
39966,39967,803564142,19.200000000000003,5.583333333333335
39978,39979,804518765,8.0,0.7999999999999997
39980,39981,8050409#0,10.0,1.4743589743589745
39982,39983,8050409#1,10.0,0.8787878787878788
39984,39985,805074682,2.0,0.22028490028490014
39986,39987,805074683#0,10.0,1.049064539809138
39988,39989,805074683#1,7.0,0.819399236487844
39990,39991,805074685,10.4,4.5
39992,39993,80518321#0,24.0,6.359356136820926
39994,39995,80518321#1,5.0,0.4150570676031607
39996,39997,80518321#2,62.0,553.2069798068482
39998,39999,805893591,14.0,2.8
40000,40001,805906399,11.0,0.0
40004,40005,806941700#0,2.0,0.38943038540642044
40006,40007,806941700#1,1.0,0.178973717146433
40008,40009,806941701,2.0,0.1881720430107527
40010,40011,806941702,3.0,0.2213438735177866
40012,40013,806941703,1.0,0.2470102383205716
40014,40015,806941704,2.6000000000000014,0.30039525691699615
40016,40017,806941705,1.0,0.46231281198003266
40018,40019,806941706,1.0,0.08597321402965391
40020,40021,806941707,2.0,0.1772337762372423
40022,40023,806941708,2.0,0.0
40026,40027,806941711#0,4.0,0.35519600846761357
40028,40029,806941711#1,1.0,0.12270888239477436
40032,40033,806941713,3.0,0.39240786226102686
40036,40037,806941715,2.0,0.2840128263857079
40038,40039,806941716,2.0,0.20096197892808074
40040,40041,806941717,2.0,0.23681859825927626
40048,40049,807111100#0,3.0,0.0
40050,40051,807111100#1,2.0,0.0
40054,40055,807111100#3,4.0,0.0
40056,40057,807111100#4,3.8,0.5
40058,40059,807111100#5,6.4,4.800000000000001
40060,40061,807111101,4.0,0.30000000000000004
40064,40065,807111103,2.0,0.0
40066,40067,807111104,6.0,0.0
40068,40069,807111105,4.0,0.0
40070,40071,807310150,18.6,0.33333333333333304
40072,40073,807310151#0,17.0,3.513227513227512
40074,40075,807310151#1,4.0,0.3157894736842105
40076,40077,807310151#2,81.2,90.76578947368414
40078,40079,807310151#3,29.0,10.27272727272727
40080,40081,807310151#4,63.0,28.94761904761905
40082,40083,807310152,28.0,10.778494623655915
40094,40095,808400593,5.0,0.0
40098,40099,808643943,11.0,1.0
40104,40105,810275622,9.4,1.6944444444444446
40106,40107,810275624,3.0,0.1666666666666667
40108,40109,810275626,3.0,0.2666666666666667
40110,40111,812556219,6.4,0.9166666666666666
40112,40113,812556220,6.600000000000001,5.666666666666668
40120,40121,812648595#0,13.0,0.0
40122,40123,812648595#1,11.0,3.6
40124,40125,812648595#3,16.0,14.966666666666669
40126,40127,812648595#4,8.8,0.8095238095238096
40128,40129,812648598,19.6,15.060606060606057
40134,40135,812648601,5.4,0.25
40136,40137,812648603,10.0,0.3333333333333333
40138,40139,812713147,24.800000000000004,18.916666666666668
40140,40141,812715246,10.0,0.0
40142,40143,812838382,17.0,0.0
40144,40145,813022184#0,21.4,4.5
40146,40147,813022184#1,4.0,0.0
40148,40149,813022184#2,4.0,0.2857142857142857
40150,40151,813022185#0,5.0,0.0
40152,40153,813022185#1,5.0,0.0
40158,40159,813263431#0,6.0,0.3333333333333335
40160,40161,813263431#1,5.800000000000001,0.9999999999999999
40164,40165,813607518,17.0,0.0
40166,40167,813800286,6.0,0.0
40168,40169,814515313,13.0,0.0
40170,40171,814691983#0,9.0,0.64392523364486
40172,40173,814691983#1,2.0,0.1686407555105847
40174,40175,814691983#2,4.0,0.3577019380532718
40176,40177,814691983#3,9.0,72.78690752534573
40178,40179,814691983#4,70.0,539.1501417561788
40180,40181,814691984#1,44.200000000000045,442.65409169815115
40182,40183,814691988#0,49.0,465.7921960072595
40184,40185,814691989#0,3.0,82.60320534993663
40186,40187,814691989#1,2.0,24.30530326756447
40188,40189,814691990,8.0,1.2364178295623898
40190,40191,814691990.7,8.0,4.934159669465545
40192,40193,814691991,22.0,101.46250907570789
40194,40195,815004589,2.0,0.25
40198,40199,815412592#0,16.0,4.179310344827586
40200,40201,815412597#0,7.0,2.0873289183222954
40202,40203,815412597#1,4.0,0.8919790104947523
40204,40205,815412597#2,6.0,1.136187148126577
40206,40207,815412597#3,7.0,1.7102020202020203
40208,40209,815412597#4,13.0,1.6993963782696173
40210,40211,815412603#0,9.0,2.7303024645257663
40212,40213,815412603#1,32.0,136.79154219566834
40214,40215,815412608,12.0,1.9240743657815942
40216,40217,815412622,11.0,1.3252675663099105
40218,40219,815413474,14.0,2.197948630526195
40220,40221,815517012,15.0,7.908734707289307
40222,40223,815517019,12.0,224.3748853211008
40224,40225,815822086#3,8.600000000000001,2.0
40226,40227,815822086#4,3.0,0.23529411764705888
40228,40229,815856347,8.0,0.0
40232,40233,816083237#0,3.0,0.0
40234,40235,816083237#1,22.0,0.0
40236,40237,816086074,14.0,0.0
40280,40281,816120712,13.0,0.0
40282,40283,816120713,28.0,0.0
40288,40289,816120715#0,11.0,0.0
40290,40291,816120715#1,7.0,0.0
40296,40297,816120718#0,1.0,0.0
40298,40299,816120718#1,4.0,0.0
40300,40301,816120718#2,5.0,0.0
40304,40305,816120718#4,3.0,0.0
40308,40309,816120719,5.0,0.0
40312,40313,816120721,4.6,0.33333333333333326
40316,40317,816126529,4.6,0.33333333333333326
40320,40321,816133972,10.0,1.069821587401246
40324,40325,816162125,10.2,4.0
40326,40327,816162126,19.6,4.333333333333334
40328,40329,816162127,24.4,5.333333333333332
40330,40331,816162128#0,3.0,0.23333333333333328
40332,40333,816162128#1,15.0,1.4761904761904763
40334,40335,816162128#2,9.0,0.0
40342,40343,816162129#1,1.0,0.0
40350,40351,816162132#0,3.8,0.5
40354,40355,816162133,22.0,0.0
40356,40357,816162134,9.0,0.3333333333333335
40360,40361,816170759,28.2,8.0
40366,40367,816174618#0,3.0,0.0
40368,40369,816174618#1,12.8,0.5
40372,40373,816175256,6.0,0.0
40374,40375,816175257#0,17.0,0.0
40378,40379,816175261,7.0,0.0
40380,40381,816178097#0,3.2,1.8000000000000003
40382,40383,816178097#1,9.0,1.636363636363636
40384,40385,816178099,5.0,0.21428571428571425
40386,40387,816178100,3.0,0.0
40388,40389,816178101,7.4,1.6666666666666667
40390,40391,816178102,3.0,0.0
40392,40393,816195562,29.8,10.300000000000002
40394,40395,816195563,28.0,10.214285714285714
40402,40403,816206616,10.4,1.6666666666666667
40404,40405,816209587,17.0,3.5
40408,40409,816209589,4.6,0.33333333333333326
40410,40411,816209590,4.0,0.0
40412,40413,816209591,4.4,0.9166666666666666
40414,40415,816209592,88.8,60.5
40418,40419,816209593#2,4.0,0.5681818181818182
40422,40423,816209594#0,3.0,0.5666666666666667
40424,40425,816209594#1,3.8000000000000007,1.0
40426,40427,816209594#2,5.0,0.0
40428,40429,816209594#3,4.8,0.5
40430,40431,816209594#4,8.6,2.0
40432,40433,816209594#5,25.0,0.0
40434,40435,816287457#0,71.80000000000001,1011.734951407277
40436,40437,816287485,8.0,18.54456551200737
40438,40439,816287490,13.0,2.478178062175644
40440,40441,816287496,32.0,139.77473210492354
40442,40443,816287498,7.0,1.172142150628797
40444,40445,816287498.31,5.0,0.3510315105270597
40452,40453,816436539#0,6.0,0.5666666666666667
40454,40455,816438820,17.4,2.7999999999999994
40456,40457,816438821#1,6.0,4.9178082191780925
40458,40459,816461641,15.4,7.0
40460,40461,816461642,5.0,0.0
40462,40463,816461643,12.600000000000001,3.4107142857142856
40464,40465,816461644#1,20.200000000000003,4.666666666666667
40466,40467,816461645,5.6000000000000005,0.5714285714285717
40472,40473,816461648#1,7.0,0.0
40474,40475,816461649,5.8,0.5
40482,40483,816466986#1,25.2,1.6999999999999997
40484,40485,816466986#2,9.6,0.3333333333333335
40486,40487,816466986#3,3.0,0.0
40488,40489,816466987,6.0,0.0
40490,40491,816466988,10.6,1.0
40492,40493,816466989#0,8.0,16.166666666666664
40494,40495,816466989#1,12.2,2.3333333333333335
40496,40497,816466989#2,11.8,0.5
40500,40501,816476703#0,14.0,0.0
40506,40507,816476703#3,3.6,0.33333333333333337
40508,40509,816476704,11.0,0.0
40516,40517,816483538,24.8,4.333333333333332
40518,40519,816483539#1,5.000000000000002,7.333333333333333
40520,40521,816483539#2,6.4,0.24999999999999992
40522,40523,816483539#3,23.8,0.5
40526,40527,816483540#1,27.0,0.0
40528,40529,816483541,17.6,2.0
40530,40531,816483542,5.0,0.0
40548,40549,816501621,12.0,1.6333333333333335
40550,40551,816501622#0,26.0,7.368253968253969
40552,40553,816501622#1,25.799999999999997,24.979951884522862
40556,40557,816504079,23.8,0.5
40560,40561,816504081,22.0,0.3333333333333339
40562,40563,816504082,4.0,0.0
40566,40567,816504084,5.0,0.3333333333333335
40570,40571,816506792,9.0,3.0
40572,40573,816506793,9.0,0.0
40574,40575,816506794#0,2.0,0.1666666666666667
40576,40577,816506794#1,7.0,0.0
40580,40581,816506796#0,3.0,0.29999999999999993
40582,40583,816506796#1,14.2,0.7999999999999996
40584,40585,816506796#2,3.0,0.3
40586,40587,816506796#3,3.6,2.0
40588,40589,816506796#4,3.0,0.0
40596,40597,816506796#8,4.0,2.0
40598,40599,816506797,2.0,0.0
40600,40601,816508405#1,2.0,0.0
40602,40603,816508406,9.0,0.0
40604,40605,816511117,9.0,0.0
40606,40607,816511118#0,15.0,0.0
40608,40609,816511118#1,2.0,0.0
40616,40617,816511121,9.0,0.0
40622,40623,816511123#2,2.0,0.0
40626,40627,816531488,12.000000000000002,8.25
40628,40629,816531489,10.8,0.5
40632,40633,816532197,8.6,1.0
40634,40635,816603268,4.0,0.4902867715078632
40636,40637,816603269#0,3.0,0.20461538461538464
40638,40639,816603269#1,21.6,4.333333333333334
40640,40641,816603269#2,6.0,0.5
40642,40643,816603270#0,8.0,0.9166666666666664
40644,40645,816603270#1,3.0,0.0
40650,40651,816603270#4,16.6,21.0
40652,40653,816603271,13.4,4.5
40654,40655,816603272,4.0,0.33333333333333337
40656,40657,816603273#0,6.0,1.7184313725490192
40658,40659,816603273#1,3.0,1.5430157261794641
40660,40661,816603274#0,10.0,1.1015384615384614
40662,40663,816603274#1,2.0,0.25793650793650796
40664,40665,816603274#2,31.0,9.113960113960118
40666,40667,816609196,4.800000000000001,0.6666666666666666
40668,40669,816623824,15.0,96.06175024808147
40670,40671,816623825,23.0,122.73273657289003
40672,40673,816623827,7.0,12.496941896024465
40674,40675,816623833#1,15.0,3.259872269890798
40676,40677,816623833#2,4.0,65.76141603230555
40678,40679,816623833#4,42.0,26.628927693186593
40680,40681,816623837#0,8.0,1.2540595675234587
40682,40683,816623837#1,7.0,9.126662101238379
40684,40685,816626563,5.0,0.7886454797901877
40686,40687,816734244,18.200000000000003,3.583333333333334
40690,40691,816734246,21.0,2.25
40692,40693,816734247#0,9.0,0.0
40696,40697,816734247#2,21.6,2.0
40698,40699,816734247#3,49.0,1485.0909090909088
40700,40701,816734248,10.4,9.333333333333332
40702,40703,816734249#0,1.0,0.16666666666666669
40704,40705,816734249#1,6.2,0.49999999999999994
40706,40707,816734249#2,32.0,7.066666666666665
40714,40715,816734582,16.8,0.5
40716,40717,816734583,3.8,0.5
40718,40719,816734584#0,1.0,0.0
40720,40721,816734584#1,3.6,0.33333333333333337
40724,40725,816736906,8.0,0.0
40726,40727,816736907,10.0,0.0
40728,40729,816736908,12.0,0.0
40730,40731,816736909,8.0,0.33333333333333326
40740,40741,816736914#0,10.4,2.25
40742,40743,816736914#1,3.0,0.24999999999999997
40744,40745,816736914#2,4.0,0.33333333333333337
40746,40747,816736914#3,4.0,0.33333333333333337
40754,40755,816736914#7,5.0,0.0
40756,40757,816736915,32.4,4.5
40758,40759,816736916,11.0,0.0
40760,40761,816739558,13.8,1.9999999999999998
40762,40763,816739559#0,10.8,0.5
40764,40765,816739559#1,24.6,10.333333333333332
40770,40771,816740257#1,12.6,1.0
40774,40775,816749704,4.0,0.0
40778,40779,816749706#2,10.8,0.5
40780,40781,816749706#3,3.0,0.0
40784,40785,816749707,19.2,8.0
40788,40789,816749709#0,1.0,0.0
40790,40791,816749709#1,5.8,0.5
40792,40793,816751256#0,7.0,1.5365309849528874
40794,40795,816751256#1,9.0,10.712928416971977
40796,40797,816754679,43.39999999999998,939.7113649627715
40798,40799,816754680,20.80000000000001,513.6558418775096
40800,40801,816754681,12.4,61.340659340659336
40802,40803,816754682,34.8,163.0855855855856
40808,40809,816766057#0,3.0,0.0
40812,40813,816766057#2,1.0,0.0
40818,40819,816766061#0,3.0,0.29999999999999993
40820,40821,816766061#1,11.600000000000001,5.666666666666667
40822,40823,816766062,27.2,8.0
40828,40829,816779849,2.0,0.0
40830,40831,816779850#0,1.0,0.0
40832,40833,816779850#1,8.0,4.25
40836,40837,816779852#0,3.0,0.0
40840,40841,816785931#0,2.0,0.2429864253393666
40842,40843,816785931#3,5.0,1.668859333237304
40844,40845,816785932#0,5.0,0.4447874720357942
40846,40847,816785932#3,4.0,0.7980081716036775
40848,40849,816796147#0,3.0,0.26671666041744774
40850,40851,816796147#1,6.0,0.873202614379085
40854,40855,816799873,18.0,0.0
40858,40859,816799875,3.8,0.5
40860,40861,816799876#0,3.0,0.20000000000000004
40862,40863,816799876#1,4.0,0.20000000000000004
40864,40865,816799876#2,4.0,0.33333333333333326
40872,40873,816799880,21.0,0.0
40878,40879,816803337#1,8.6,2.0
40880,40881,816803340#1,10.0,0.0
40882,40883,816803340#2,9.8,0.5
40886,40887,816806959,13.0,0.25000000000000017
40890,40891,816806961,21.0,0.0
40894,40895,816806963,15.0,0.0
40896,40897,816806964,21.0,0.0
40902,40903,816806966#1,14.4,4.5
40904,40905,816806966#2,8.4,5.666666666666667
40906,40907,816806967,18.2,4.0
40908,40909,816806968#0,4.0,0.457142857142857
40912,40913,816806969,10.2,2.5
40914,40915,816806970,13.2,1.333333333333334
40918,40919,816813501,15.8,3.0
40924,40925,816813503,10.0,2.0
40926,40927,816813504,19.0,5.14285714285714
40928,40929,816813505,14.6,1.0
40932,40933,816813507,6.6,0.3333333333333335
40934,40935,816813508#0,14.6,1.0
40936,40937,816813508#1,7.0,0.0
40938,40939,816816925,14.8,0.5
40940,40941,816816926,16.0,0.0
40942,40943,816816927,11.0,0.0
40946,40947,816816929#0,4.0,3.0
40948,40949,816816929#1,5.0,0.0
40952,40953,816816929#3,2.0,0.0
40956,40957,816816929#6,5.200000000000001,15.3
40960,40961,816816930#1,3.4000000000000004,0.24999999999999997
40962,40963,816816931,14.0,0.0
40964,40965,816818164,6.0,0.0
40966,40967,816818165,5.0,0.0
40968,40969,816818166,9.0,0.0
40970,40971,816839813#0,5.0,0.0
40972,40973,816839813#1,8.0,0.0
40974,40975,816839813#2,2.0,0.0
40980,40981,816850205,8.0,0.0
40982,40983,816855270#0,8.0,1.3333333333333335
40984,40985,816855270#1,4.0,0.7
40990,40991,816855272#0,4.0,0.0
40992,40993,816855272#1,9.0,0.0
40994,40995,816855274#0,7.0,2.5666666666666664
40996,40997,816855274#1,9.4,0.6666666666666666
40998,40999,816855275#0,3.0,0.28571428571428564
41002,41003,816858722,8.0,0.33333333333333326
41004,41005,816858723,10.0,0.0
41006,41007,816858724#0,6.800000000000001,1.0000000000000002
41008,41009,816858724#1,3.4000000000000004,4.5
41010,41011,816858724#2,3.8,0.5
41016,41017,816858727#0,1.6,0.33333333333333337
41018,41019,816858727#1,3.0,0.0
41020,41021,816858727#2,3.0,0.0
41022,41023,816858727#3,15.2,2.3333333333333326
41024,41025,816858728#0,3.0,0.2857142857142857
41026,41027,816858728#1,3.0,0.5277777777777776
41028,41029,816858728#2,3.0,0.0
41030,41031,816858728#3,11.2,8.0
41032,41033,816858728#4,14.8,4.333333333333334
41034,41035,816858729,3.0,0.0
41038,41039,816858731,6.0,0.0
41040,41041,816858732,5.0,0.0
41048,41049,816868354#0,12.0,0.0
41050,41051,816872143#0,9.0,0.16666666666666677
41052,41053,816872144#0,5.0,0.0
41058,41059,817081320,5.0,1.7666666666666668
41062,41063,817081322#1,5.0,0.0
41064,41065,817081322#2,10.8,0.5
41066,41067,817081323#0,9.2,0.6999999999999998
41068,41069,817081323#1,20.0,0.0
41070,41071,817081323#2,21.6,1.0
41072,41073,817081324#0,11.0,1.0666666666666662
41074,41075,817081324#1,1.0,0.2666666666666667
41076,41077,817081325,34.0,0.0
41078,41079,817081326,8.400000000000002,7.285714285714286
41080,41081,817081328,14.600000000000001,6.7
41082,41083,817081329,6.0,0.0
41084,41085,817086040,11.0,1.333333333333333
41086,41087,817086041,11.0,7.466666666666667
41088,41089,817086042,17.4,4.5
41090,41091,817086043,10.4,4.5
41092,41093,817095973,4.0,0.5000000000000001
41094,41095,817095974,1.0,0.0
41096,41097,817095975,5.2,2.333333333333334
41098,41099,817095976,7.4,2.9999999999999996
41100,41101,817095977#0,3.2,2.3333333333333335
41102,41103,817095977#1,4.0,1.25
41104,41105,817095977#2,4.0,0.8545454545454545
41106,41107,817095977#3,11.0,1720.133333333334
41108,41109,817095977#4,6.6,2.0
41110,41111,817095978,36.0,1.999999999999999
41120,41121,817095983,7.0,0.0
41144,41145,817101517,28.4,16.0
41146,41147,817105858#0,7.0,0.0
41150,41151,817105859,18.0,0.0
41154,41155,817107237,9.8,0.5
41156,41157,817107238,6.0,0.0
41158,41159,817107239,4.0,0.29999999999999993
41160,41161,817107240#0,3.0,1.5
41162,41163,817107240#1,18.0,0.0
41164,41165,817107240#2,10.0,0.0
41166,41167,817107240#3,10.0,21.066666666666666
41168,41169,817107240#4,10.0,0.0
41176,41177,817110755,6.0,0.0
41178,41179,817118469,10.0,0.0
41180,41181,817118471,10.200000000000001,19.25
41186,41187,817127201#1,1.0,0.0
41190,41191,817127202#1,11.0,0.0
41192,41193,817127203#0,12.6,2.0
41194,41195,817127203#1,1.0,0.0
41202,41203,817127207,5.0,0.0
41204,41205,817128871,2.0,0.0
41206,41207,817128872#0,13.2,67.65555555555555
41208,41209,817128872#1,3.6000000000000005,2.7
41210,41211,817134037,4.8,0.5
41212,41213,817134038,13.0,0.0
41214,41215,817134039,7.6,2.0
41216,41217,817134040,7.0,0.0
41218,41219,817206446#1,2.0,0.0
41220,41221,817426971#0,2.0,0.0
41222,41223,817426971#1,27.0,0.0
41226,41227,817666077,6.0,0.2666666666666669
41228,41229,817666078#1,8.0,0.8833105335157323
41230,41231,817666078#2,11.0,10.628714107365793
41232,41233,817666078#3,21.0,4.3992202729044845
41234,41235,817666078#4,23.0,5.01525385567939
41236,41237,817666078#5,9.0,0.8865526253266814
41238,41239,817666078#6,13.0,4.61922833649589
41240,41241,817666078#7,23.0,45.95571054925896
41242,41243,818627482,28.0,0.0
41244,41245,818707465,4.0,0.27126436781609187
41246,41247,819168463,7.0,3.2095238095238092
41248,41249,819333663,8.0,0.0
41250,41251,819521343#0,28.0,7.921198326771648
41252,41253,819521343#1,22.0,4.0511363636363615
41254,41255,819521343#2,3.0,0.16206896551724143
41256,41257,819521343#3,2.0,0.4704433497536945
41258,41259,819521344#0,49.0,20.694444444444457
41260,41261,819521344#1,2.0,0.26666666666666666
41262,41263,819521345,1.0,0.15698924731182798
41264,41265,819521346,1.0,0.14654349043243417
41266,41267,819521347,2.0,0.24926012461059183
41268,41269,819521348,2.0,0.2502355633328847
41270,41271,819521349,3.0,0.29009450977562967
41272,41273,819943655,8.0,0.8149966753618745
41286,41287,819943656#6,1.0,0.0
41288,41289,819943656#7,12.4,4.5
41290,41291,819943657,62.0,10.91666666666667
41292,41293,821484658,3.0,0.0
41296,41297,823650752,73.0,0.0
41298,41299,823650753#0,2.0,0.0
41300,41301,823880344#0,4.0,0.0
41304,41305,823880344#2,3.0,0.2380952380952381
41306,41307,823880345,2.0,0.26143790849673204
41308,41309,823880349#0,12.0,1.7666666666666664
41312,41313,823880355#0,2.0,2.676411290322581
41314,41315,823880355#1,5.0,0.24358974358974353
41316,41317,823880355#2,4.0,0.0909090909090909
41318,41319,823880355#3,11.4,4.5
41320,41321,823880356#0,2.0,0.30000000000000004
41324,41325,823880356#2,9.0,1.333333333333333
41326,41327,823880357#0,9.8,3.0
41328,41329,823880357#1,2.0,0.3333333333333333
41330,41331,823880358,12.0,0.0
41332,41333,823880359#0,5.0,2.6909090909090905
41334,41335,823880359#1,2.2,0.7666666666666667
41336,41337,823880360,5.0,0.30000000000000016
41340,41341,824791780#0,3.6,1.0
41342,41343,824791780#1,3.0,0.0
41344,41345,824791780#2,18.0,0.0
41348,41349,824791782,12.0,0.0
41350,41351,825260741,4.0,0.0
41354,41355,825260795#0,3.6,0.33333333333333326
41356,41357,825260795#1,1.6,0.3333333333333333
41358,41359,825402588#0,5.0,0.49999999999999994
41360,41361,825402588#0.12,9.600000000000001,0.6964285714285714
41362,41363,825402588#1,6.0,0.5535714285714286
41364,41365,825402588#2,14.600000000000001,0.6964285714285714
41366,41367,825445496#0,5.0,25.760371213558447
41368,41369,825445496#1,2.0,8.03229937393284
41370,41371,825445496#1.47,7.0,61.0283153101878
41372,41373,825933196,6.0,0.7999999999999999
41374,41375,82626964#0,32.0,0.0
41376,41377,82626964#1,54.0,0.0
41378,41379,82626965,7.0,0.0
41380,41381,82627284#1,17.8,18.0
41382,41383,82627284#2,15.0,5.333333333333332
41384,41385,82627286#0,4.0,2.5714285714285716
41388,41389,82628434,9.0,0.0
41390,41391,82628436#0,13.2,8.0
41392,41393,82628436#1,48.0,0.0
41394,41395,82628963#0,4.0,0.3859177215189873
41396,41397,82628963#1,6.0,0.4112341772151899
41398,41399,82628963#2,3.0,0.225
41400,41401,82628963#3,19.0,3.64753086419753
41402,41403,82628963#4,2.0,0.17658227848101266
41404,41405,82628965,6.0,0.7
41406,41407,82628966,4.0,0.33333333333333326
41408,41409,826551069#0,4.0,0.3954751131221718
41410,41411,826551069#1,3.0,0.37626491155902925
41412,41413,826578283,8.200000000000003,10.333333333333334
41414,41415,826578284#1,13.8,0.5
41418,41419,826594746#0,5.800000000000001,18.0
41422,41423,826596271,1.0,0.0
41426,41427,831295614,6.0,0.3162055335968379
41428,41429,831295615,7.2,0.4999999999999999
41430,41431,831295616,12.2,0.9444444444444444
41432,41433,831295617,5.0,0.0
41434,41435,832481042#0,5.0,1.5714285714285712
41436,41437,832481042#1,10.0,0.0
41438,41439,832481043,5.4,0.9166666666666666
41440,41441,832481045#0,4.8,0.5
41442,41443,832481045#1,6.0,0.3333333333333335
41444,41445,832481048,18.0,3.645829145728646
41446,41447,832481049,15.0,2.5357142857142847
41448,41449,832481050,4.0,0.17126436781609194
41450,41451,832481051,6.0,0.24999999999999992
41452,41453,832481052,3.0,0.46957671957671976
41454,41455,832481053,8.0,1.4110953058321483
41456,41457,832481056,28.4,4.444444444444441
41458,41459,832481057,8.0,1.4666666666666668
41460,41461,83299769#0,6.8,0.5
41462,41463,83299769#1,19.4,4.5
41464,41465,83299775#0,7.0,0.2678571428571429
41466,41467,83299775#1,24.0,0.0
41468,41469,83299777,10.0,0.0
41470,41471,83299779#0,3.6000000000000014,0.3076923076923077
41472,41473,83299779#1,10.6,1.0
41474,41475,83299780#0,8.8,0.5
41476,41477,83299780#1,2.8,0.5
41480,41481,83299783#0,7.0,0.9166666666666669
41482,41483,83299783#1,19.6,10.333333333333332
41484,41485,83299784,9.0,0.0
41488,41489,83299788#1,2.0,0.0
41490,41491,83299788#2,11.6,2.0
41492,41493,83299788#3,2.0,0.0
41494,41495,83299790#0,7.0,0.3333333333333335
41496,41497,83299790#1,21.6,10.333333333333332
41500,41501,83304166#0,2.0,0.0
41502,41503,83304166#1,3.0,0.0
41504,41505,83304167,4.0,0.0
41506,41507,83304175#1,6.0,0.0
41508,41509,83304175#2,11.0,0.0
41510,41511,83304179,13.0,0.0
41512,41513,83304180#1,3.0,0.7
41514,41515,83304180#2,15.6,2.0
41516,41517,83304180#3,1.0,0.0
41522,41523,834006805#0,7.0,1.4802765957446806
41524,41525,834006805#0.47,3.0,0.3359929078014185
41526,41527,83808285#1,5.0,0.0
41530,41531,83808288,7.0,0.0
41532,41533,83808292#0,2.0,0.0
41534,41535,83808292#1,10.0,0.0
41536,41537,85404276,3.6,0.33333333333333337
41538,41539,87288526#0,16.0,0.6190476190476191
41540,41541,87288526#1,7.8,0.5
41544,41545,885197072,9.0,0.8506818294928578
41546,41547,88888406,3.0,0.0
41552,41553,88903261,6.0,1.0666666666666667
41554,41555,88903294#1,5.0,1.424242424242424
41556,41557,88903294#2,3.6,0.33333333333333337
41558,41559,88903294#3,13.0,0.0
41560,41561,88903294#4,3.4000000000000004,2.2500000000000004
41562,41563,88903294#5,3.0,0.33333333333333326
41564,41565,88903294#6,3.8,0.5
41566,41567,88903294#7,1.0,0.0
41572,41573,88903308#1,4.0,1.8713450292397664
41574,41575,88903325,7.0,0.0
41576,41577,88903339#0,5.0,1.6471861471861473
41578,41579,88903339#1,4.0,1.0277777777777777
41580,41581,88903339#2,4.0,2.25
41582,41583,88903339#3,3.0,0.0
41586,41587,90587321#0,2.0,0.0
41588,41589,90587322#1,6.0,0.21228243021346466
41590,41591,91806117,41.2,27.511111111111124
41592,41593,91854588,10.0,1.333333333333333
41594,41595,91854591,2.0,0.4444444444444444
41598,41599,91854598#1,12.6,0.3333333333333335
41600,41601,91854601#0,28.6,2.0
41602,41603,91854601#2,4.4,0.9166666666666666
41604,41605,91854601#3,3.4000000000000004,0.25
41606,41607,91854602,12.4,4.5
41608,41609,91854606,10.0,0.0
41610,41611,91854607,6.4,3.3611111111111107
41612,41613,91854611#1,32.4,32.0
41644,41645,92026768#0,23.4,4.5
41646,41647,92026768#1,29.0,0.0
41652,41653,92026768#4,3.4000000000000004,0.24999999999999997
41654,41655,92026769#0,15.2,2.6999999999999993
41656,41657,92026769#1,12.6,2.3333333333333335
41658,41659,92026769#11,5.0,0.6068840579710145
41660,41661,92026769#12,15.0,3.5246305418719213
41662,41663,92026769#2,8.0,1.0000000000000002
41664,41665,92026769#3,21.0,7.4120879120879115
41666,41667,92026769#4,4.0,0.9444444444444446
41668,41669,92026769#5,3.0,0.25
41670,41671,92026769#6,7.0,0.9625
41672,41673,92026769#7,5.0,0.7272727272727267
41674,41675,92026769#8,6.0,0.9978354978354977
41676,41677,92026769#9,5.0,0.6815789473684216
41680,41681,93112169#1,1.0,0.0
41686,41687,93128019#1,6.4,5.333333333333333
41688,41689,93128040#0,4.800000000000001,1.2777777777777777
41692,41693,94085089,55.0,0.0
41694,41695,97304242#1,7.0,1.2992557417469528
41696,41697,97304242#10,4.0,0.5529352169752916
41698,41699,97304242#11,2.0,0.08631429919773474
41700,41701,97304242#12,2.0,0.2692687559354227
41702,41703,97304242#13,8.0,0.5952925792742728
41704,41705,97304242#2,7.0,0.5380915798402712
41706,41707,97304242#3,4.0,0.4088172804532577
41708,41709,97304242#4,7.0,0.6700255762755765
41710,41711,97304242#6,15.0,2.403353555780251
41712,41713,97304242#8,7.0,0.517996145007042
41714,41715,97304242#9,8.0,1.8391411042944783
41716,41717,978455265,4.0,0.3217887696851896
41718,41719,978455265.52,6.0,0.5197479567143056
41720,41721,978455266#1,8.0,1.6404278239458292
41722,41723,98323000#0,3.2,0.5
41724,41725,98323000#1,41.8,9.0
41728,41729,98323002#0,3.0,0.391304347826087
41730,41731,98323002#1,1.0,0.24384236453201963
41732,41733,98323002#2,5.0,0.29333333333333333
41734,41735,98323002#3,24.0,3.0
41736,41737,98323012#0,2.0,0.125
41740,41741,98323012#3,48.0,34.761904761904766
41742,41743,98323012#4,28.4,7.0
41744,41745,98323012#5,7.2,1.333333333333333
41746,41747,98323012#6,1.0,0.0
41748,41749,98323022,52.0,39.76023391812865
41750,41751,98323024#0,8.0,1.1522575131747617
41752,41753,98323024#1,5.0,0.575091575091575
41754,41755,98323025#0,25.0,7.506715506715504
41756,41757,98323025#1,4.0,0.3614158829676071
41758,41759,98323025#2,6.4,4.5
41760,41761,98323025#3,14.800000000000004,5.3894757433489815
41762,41763,98323027#0,1.0,0.14492753623188404
41764,41765,98323027#1,27.400000000000002,135.0144927536232
41778,41779,98901079#0,17.0,0.0
41780,41781,98901087#0,10.0,1.0
41782,41783,98901087#1,6.4,4.5
41784,41785,98901087#3,6.0,0.0
41798,41799,E0,6.4,0.7999999999999999
41800,41801,E1,10.4,0.666666666666667
41802,41803,E10,2.0,0.0
41804,41805,E12,2.0,0.2748538011695907
41806,41807,E13,5.0,0.4994463582677166
41808,41809,E14,11.0,1.082072829131653
41810,41811,E15,6.0,0.8130671506352086
41812,41813,E16,5.0,0.75
41814,41815,E17,4.0,1.9884169884169896
41816,41817,E2,3.0,0.0
41818,41819,E3,10.4,0.25000000000000017
41820,41821,E4,3.0,0.0
41824,41825,E7,5.0,0.7830576441102748
41826,41827,E8,51.0,575.4872088229234
41828,41829,E9,6.0,0.5151515151515151
41830,41831,gneE101,5.0,0.47301587301587283
41832,41833,gneE102,5.400000000000002,8.407894736842104
41834,41835,gneE103,2.0,0.3
41836,41837,gneE104,6.800000000000003,74.3
41838,41839,gneE11,5.0,77.88169538891476
41840,41841,gneE112,15.0,5.570378557612602
41842,41843,gneE113,10.0,11.571326658478178
41844,41845,gneE114,6.0,6.154952591090702
41846,41847,gneE114.33,4.0,8.474691394835713
41848,41849,gneE118,21.0,121.09209416455795
41850,41851,gneE119,25.0,132.68067863364394
41852,41853,gneE12,10.0,58.42729610389158
41854,41855,gneE131,5.2,8.0
41856,41857,gneE132,1.0,0.6536415755767059
41858,41859,gneE134,55.0,465.1085942295885
41860,41861,gneE136,15.4,1.583333333333334
41862,41863,gneE137,37.0,246.11089108910875
41864,41865,gneE138,62.0,864.9457733008663
41866,41867,gneE14,4.0,0.0
41868,41869,gneE14.25,2.0,0.0
41870,41871,gneE141,38.8,344.95238095238096
41872,41873,gneE142,18.0,0.0
41874,41875,gneE143,7.0,2.858235686964969
41876,41877,gneE144,24.80000000000001,5.378422682290081
41878,41879,gneE146,20.2,42.17777777777778
41880,41881,gneE147,9.0,0.5946589106292965
41882,41883,gneE150,6.0,0.2666666666666665
41884,41885,gneE151,6.0,0.4737254901960784
41886,41887,gneE153,8.0,0.4736842105263158
41888,41889,gneE154,7.0,0.0
41890,41891,gneE18,90.80000000000001,1406.948134092347
41892,41893,gneE21,14.0,42.7302165011909
41894,41895,gneE22,13.0,101.42299313284393
41896,41897,gneE23,241.0,5569.914207650273
41898,41899,gneE24,3.0,1.2000000000000002
41900,41901,gneE25,5.0,9.755760368663596
41902,41903,gneE26,3.0,1.3666666666666667
41904,41905,gneE260,8.0,1.3574712643678155
41906,41907,gneE27,62.0,674.8731182795699
41908,41909,gneE28,4.0,0.35661796583716304
41910,41911,gneE289,4.0,0.32525252525252524
41912,41913,gneE290,4.0,0.24901185770750986
41914,41915,gneE291,4.0,0.3529411764705882
41916,41917,gneE293,4.0,0.4000000000000001
41918,41919,gneE30,62.4,96.30000000000001
41920,41921,gneE34,16.0,44.57467259698545
41922,41923,gneE34.31,5.0,12.488823457244504
41924,41925,gneE38,3.0,0.0
41928,41929,gneE4,16.6,23.02849002849003
41930,41931,gneE58,5.400000000000002,1.9547101449275366
41932,41933,gneE63,5.0,0.7638583638583641
41934,41935,gneE64,2.0,0.2483146067415731
41936,41937,gneE65,4.0,0.47086225455625297
41938,41939,gneE66,3.0,0.31569778596370063
41940,41941,gneE67,5.0,2.0900000000000007
41942,41943,gneE7,316.0000000000001,60125.41337099814
41946,41947,gneE86,3.0,0.0
41948,41949,gneE9,19.0,151.02143157584132
